web-scraper-order,web-scraper-start-url,review,rating,pesanan,tanggal_pesan,Label,Label,,
1701446020-1,https://gofood.co.id/en/surabaya/restaurant/mie-gacoan-genteng-f49fb30b-5b97-41b6-b66c-924da5d72fba/reviews,"maaf , rasanya hambar mas",3.0,Mie Suit - Udang Rambutan - Siomay - Air Mineral,Ordered on 28 November 2023,0,Buruk,Review,Frekuensi
1701446020-2,https://gofood.co.id/en/surabaya/restaurant/mie-gacoan-genteng-f49fb30b-5b97-41b6-b66c-924da5d72fba/reviews,pelayanan selalu lemot,1.0,Mie Hompimpa lv 1 - Udang Keju - Siomay,Ordered on 27 November 2023,0,Buruk,Review Buruk,1183
1701446020-3,https://gofood.co.id/en/surabaya/restaurant/mie-gacoan-genteng-f49fb30b-5b97-41b6-b66c-924da5d72fba/reviews,"oke sebenarnya, cuman di mie gacoan lv 2 punya saya kenapa dikasih pangsit cuman 1? mohon diteliti lagi ya",4.0,Mie Gacoan lv 0 - Mie Gacoan lv 2 - Siomay - Udang Rambutan - Udang Keju - Lumpia Udang,Ordered on 27 November 2023,0,Buruk,Review Baik,1149
1701446020-4,https://gofood.co.id/en/surabaya/restaurant/mie-gacoan-genteng-f49fb30b-5b97-41b6-b66c-924da5d72fba/reviews,"Gak ada sumpit, lumpia udangnya kececer dalam plastik padahal boxnya ketutup.. ada keripik-keripik kecil di lumpia udangnya yang harusnya gak ada.. gak ada sumpit..",2.0,Es Teklek - Lumpia Udang - Siomay,Ordered on 26 November 2023,0,Buruk,Ambigu,86
1701446020-5,https://gofood.co.id/en/surabaya/restaurant/mie-gacoan-genteng-f49fb30b-5b97-41b6-b66c-924da5d72fba/reviews,wouwowuwowowowowow,5.0,Gacoan Fest B - Udang Rambutan,Ordered on 7 November 2023,1,Baik,Total,2418
1701446020-6,https://gofood.co.id/en/surabaya/restaurant/mie-gacoan-genteng-f49fb30b-5b97-41b6-b66c-924da5d72fba/reviews,mie gacoan tidak ada lawan,5.0,Mie Gacoan lv 0 - Mie Gacoan lv 3 - Udang Keju,Ordered on 22 November 2023,1,Baik,,
1701446020-7,https://gofood.co.id/en/surabaya/restaurant/mie-gacoan-genteng-f49fb30b-5b97-41b6-b66c-924da5d72fba/reviews,yg lvl 8 gaada gurih nya cmn pedes gtu,4.0,Mie Hompimpa lv 8 - Mie Gacoan lv 6,Ordered on 21 November 2023,0,Buruk,,
1701446020-8,https://gofood.co.id/en/surabaya/restaurant/mie-gacoan-genteng-f49fb30b-5b97-41b6-b66c-924da5d72fba/reviews,sy pesen mie lvl 2 malah dikasih lvl 0,2.0,Mie Gacoan lv 2 - Udang Rambutan - Udang Keju - Thai Green Tea,Ordered on 18 November 2023,0,Buruk,,
1701446020-9,https://gofood.co.id/en/surabaya/restaurant/mie-gacoan-genteng-f49fb30b-5b97-41b6-b66c-924da5d72fba/reviews,pesenanku salah woiii.knp jd pangsit semua.pdhl pesen siomay sama udang rambutan,2.0,Mie Gacoan lv 3 - Siomay - Udang Rambutan - Pangsit - Lumpia Udang - Teh,Ordered on 14 November 2023,0,Buruk,,
1701446020-10,https://gofood.co.id/en/surabaya/restaurant/mie-gacoan-genteng-f49fb30b-5b97-41b6-b66c-924da5d72fba/reviews,pesan mie gacoan lv1 2 malah dapat lv0🤦..rasanya juga aneh GK kyk biasanya ..,1.0,Mie Gacoan lv 1 - Mie Gacoan lv 2,Ordered on 19 November 2023,0,Buruk,,
1701446020-11,https://gofood.co.id/en/surabaya/restaurant/mie-gacoan-genteng-f49fb30b-5b97-41b6-b66c-924da5d72fba/reviews,rasanya enak makanan/minumannya dan cocok buat melatih kesabaran krna antrinya lama,5.0,Gacoan Fest A,Ordered on 18 November 2023,0,Buruk,,
1701446020-12,https://gofood.co.id/en/surabaya/restaurant/mie-gacoan-genteng-f49fb30b-5b97-41b6-b66c-924da5d72fba/reviews,everything is good,5.0,Mie Gacoan lv 3 - Lumpia Udang - Udang Keju,Ordered on 17 November 2023,1,Baik,,
1701446020-13,https://gofood.co.id/en/surabaya/restaurant/mie-gacoan-genteng-f49fb30b-5b97-41b6-b66c-924da5d72fba/reviews,"makanan nya enak bangettt, tapi saya kurang mengerti tentang cara makan dengan menggunakan sumpit, hehe",5.0,Mie Gacoan lv 1,Ordered on 17 November 2023,1,Baik,,
1701446020-14,https://gofood.co.id/en/surabaya/restaurant/mie-gacoan-genteng-f49fb30b-5b97-41b6-b66c-924da5d72fba/reviews,ayangku suka bgt ❤️,5.0,Mie Gacoan lv 1 - Udang Keju - Milo - Air Mineral,Ordered on 17 November 2023,1,Baik,,
1701446020-15,https://gofood.co.id/en/surabaya/restaurant/mie-gacoan-genteng-f49fb30b-5b97-41b6-b66c-924da5d72fba/reviews,rasanya sama porsi okelah.....yg bikin orang kasih bintang 1 itu karena lamanya proses penyajian,1.0,Mie Hompimpa lv 1 - Udang Keju - Lumpia Udang,Ordered on 16 November 2023,0,Buruk,,
1701446020-16,https://gofood.co.id/en/surabaya/restaurant/mie-gacoan-genteng-f49fb30b-5b97-41b6-b66c-924da5d72fba/reviews,semangat para pekerja malam-pagi,1.0,Mie Gacoan lv 0 - Thai Green Tea,Ordered on 16 November 2023,5,Buruk,,
1701446020-17,https://gofood.co.id/en/surabaya/restaurant/mie-gacoan-genteng-f49fb30b-5b97-41b6-b66c-924da5d72fba/reviews,level 3 ditandainya level 1. kasian anakq jadi kepedesan. setelah aq cek ternyata cabenya banyak bangeeet.. dan yang level 3 punya kakaknya gk berasa pedasss,2.0,Mie Gacoan lv 4 - Mie Gacoan lv 1,Ordered on 8 October 2023,0,Buruk,,
1701446020-18,https://gofood.co.id/en/surabaya/restaurant/mie-gacoan-genteng-f49fb30b-5b97-41b6-b66c-924da5d72fba/reviews,Terbaik lah pedesnya 🙏🏻,5.0,Pangsit - Mie Gacoan lv 8,Ordered on 8 November 2023,1,Baik,,
1701446020-19,https://gofood.co.id/en/surabaya/restaurant/mie-gacoan-genteng-f49fb30b-5b97-41b6-b66c-924da5d72fba/reviews,lama bangettttt bikin badmood!!!,2.0,Mie Gacoan lv 2 - Mie Gacoan lv 3 - Thai Tea Ori - Es Coklat - Udang Rambutan,Ordered on 12 November 2023,0,Buruk,,
1701446020-20,https://gofood.co.id/en/surabaya/restaurant/mie-gacoan-genteng-f49fb30b-5b97-41b6-b66c-924da5d72fba/reviews,"sip MANTAP bisa dimakan bareng bareng anak, ok",5.0,Mie Suit - Mie Hompimpa lv 1 - Udang Rambutan,Ordered on 12 November 2023,1,Baik,,
1701446020-21,https://gofood.co.id/en/surabaya/restaurant/mie-gacoan-genteng-f49fb30b-5b97-41b6-b66c-924da5d72fba/reviews,tapi gaada sumpitnya :),5.0,Udang Keju - Mie Gacoan lv 2 - Lemon Tea,Ordered on 12 November 2023,0,Buruk,,
1701446020-22,https://gofood.co.id/en/surabaya/restaurant/mie-gacoan-genteng-f49fb30b-5b97-41b6-b66c-924da5d72fba/reviews,Terima kasih pertahanankan trs rasa dan kualitas makanan yg pas dan lezat 👍🏻,5.0,Mie Gacoan lv 0 - Udang Rambutan - Udang Keju,Ordered on 11 November 2023,1,Baik,,
1701446020-23,https://gofood.co.id/en/surabaya/restaurant/mie-gacoan-genteng-f49fb30b-5b97-41b6-b66c-924da5d72fba/reviews,"baru pertama makan mie gacoan Surabaya mantep banget pas banget rasanya endullll , pas tinggal di Bali pesen level 6 gak brasa pedes ,x ini nyoba gacoan mumpung pas di SBY beehhhhhh mantep rasanya dapet pedessnya dapet ... beda jauh banget sama di Bali , dimsum nya juga enak ,kalo di Bali kadang rada yg masih mentah atau masih kurang Mateng dan sering terjadi .. kalo yg dsini sumpahhhhh lidah gak bisa boong.. sukses terussss bos",5.0,Mie Hompimpa lv 6 - Siomay - Mie Gacoan lv 3 - Lumpia Udang,Ordered on 9 November 2023,1,Baik,,
1701446020-24,https://gofood.co.id/en/surabaya/restaurant/mie-gacoan-genteng-f49fb30b-5b97-41b6-b66c-924da5d72fba/reviews,"banyak minyak, bumbu mie gacoannya tidak tercampur rata jd ada bagian mie yg hambar krn tdk tercampur bumbu, bumbu tumpah2, bukannya mie gacoan tu mie goreng mestinya tidak ada kuah, ini bumbunya seperti kuah yg tumpah",3.0,Mie Gacoan lv 0 - Mie Suit,Ordered on 9 November 2023,0,Buruk,,
1701446020-25,https://gofood.co.id/en/surabaya/restaurant/mie-gacoan-genteng-f49fb30b-5b97-41b6-b66c-924da5d72fba/reviews,"rasanya beda skli dengan gacoan² cabang lain, sudah lama mkan dan di coba dan bandingkan dengan gacoan lain cm di sini saja rasanya beda dan pedasnya juga beda misal lv2 pedasnya kyk lv 3 gak tau kenapa yang di Ambengan ini rasanya tidak konsisten berbeda dari gacoan cabang Surabaya lainnya rasanya bisa tetap pas dan sama🙏",3.0,Mie Gacoan lv 2,Ordered on 8 November 2023,0,Buruk,,
1701446020-26,https://gofood.co.id/en/surabaya/restaurant/mie-gacoan-genteng-f49fb30b-5b97-41b6-b66c-924da5d72fba/reviews,"thanks uda langganan yg cabang genteng, suka banget anak saya.",5.0,Mie Gacoan lv 1 - Udang Rambutan - Udang Keju,Ordered on 8 November 2023,1,Baik,,
1701446020-27,https://gofood.co.id/en/surabaya/restaurant/mie-gacoan-genteng-f49fb30b-5b97-41b6-b66c-924da5d72fba/reviews,"ini sejak kapan ya gacoan pakai stereofoam putih, bukanya pakai kemasan khusus gacoan ya ?",1.0,Mie Gacoan lv 8 - Pangsit - Mie Gacoan lv 2,Ordered on 8 November 2023,0,Buruk,,
1701446020-28,https://gofood.co.id/en/surabaya/restaurant/mie-gacoan-genteng-f49fb30b-5b97-41b6-b66c-924da5d72fba/reviews,pesanan saya salah,1.0,Udang Keju - Mie Gacoan lv 1,Ordered on 7 November 2023,0,Buruk,,
1701446020-29,https://gofood.co.id/en/surabaya/restaurant/mie-gacoan-genteng-f49fb30b-5b97-41b6-b66c-924da5d72fba/reviews,"NYESELLL 2X ORDER DSINI BELI YG LEVEL 2 GAADA CABE NYA!!! PADAHAL SUDAH DIINGETIN DI CATATAN ""JANGAN LUPA CABE"" TETEP AJA PUTIHAN GAADA CABE NYA SAMA SKALI!!!",1.0,Pangsit - Mie Hompimpa lv 2 - Udang Rambutan,Ordered on 2 November 2023,0,Buruk,,
1701446020-30,https://gofood.co.id/en/surabaya/restaurant/mie-gacoan-genteng-f49fb30b-5b97-41b6-b66c-924da5d72fba/reviews,"Salah satu di pesanan saya pas dibuka ada yg tidak lengkap (udang keju) ada 1 bungkus isinya hanya 2, yg lain nya lengkap isi 3",2.0,Mie Hompimpa lv 1 - Mie Gacoan lv 1 - Udang Keju,Ordered on 5 November 2023,0,Buruk,,
1701446020-31,https://gofood.co.id/en/surabaya/restaurant/mie-gacoan-genteng-f49fb30b-5b97-41b6-b66c-924da5d72fba/reviews,"lama banget pengemasannya, masak nunggu masakan selesai smp 1 jam setengah, es smp g dingin udah tiba di tempat😞",4.0,Udang Keju - Mie Gacoan lv 0 - Mie Gacoan lv 2 - Mie Gacoan lv 3 - Es Gobak Sodor - Thai Green Tea - Es Teklek,Ordered on 5 November 2023,0,Buruk,,
1701446020-32,https://gofood.co.id/en/surabaya/restaurant/mie-gacoan-genteng-f49fb30b-5b97-41b6-b66c-924da5d72fba/reviews,joooooshhjhh....... 😁😁😁👍👍👍👍😂,5.0,Mie Gacoan lv 2 - Mie Gacoan lv 1 - Udang Rambutan - Siomay - Es Gobak Sodor,Ordered on 5 November 2023,1,Baik,,
1701446020-33,https://gofood.co.id/en/surabaya/restaurant/mie-gacoan-genteng-f49fb30b-5b97-41b6-b66c-924da5d72fba/reviews,"Mie tidak ada rasa, Es Orange es batunya sudah mencair sedikit hambar.",2.0,Mie Hompimpa lv 1 - Lumpia Udang - Udang Keju - Orange,Ordered on 5 November 2023,0,Buruk,,
1701446020-34,https://gofood.co.id/en/surabaya/restaurant/mie-gacoan-genteng-f49fb30b-5b97-41b6-b66c-924da5d72fba/reviews,"kecap kurang, goreng nya kurang matang tengah nya, lama banget masak nya",3.0,Mie Gacoan lv 0 - Mie Gacoan lv 1 - Mie Gacoan lv 2 - Es Teklek,Ordered on 4 November 2023,0,Buruk,,
1701446020-35,https://gofood.co.id/en/surabaya/restaurant/mie-gacoan-genteng-f49fb30b-5b97-41b6-b66c-924da5d72fba/reviews,gacoan memang worth it,5.0,Udang Keju - Siomay - Mie Gacoan lv 1,Ordered on 2 November 2023,1,Baik,,
1701446020-36,https://gofood.co.id/en/surabaya/restaurant/mie-gacoan-genteng-f49fb30b-5b97-41b6-b66c-924da5d72fba/reviews,Lama banget nunggu nya sejam. Telat dalam penyajian,3.0,Mie Gacoan lv 2 - Mie Gacoan lv 1 - Udang Keju - Mie Gacoan lv 4 - Udang Rambutan,Ordered on 31 October 2023,0,Buruk,,
1701446020-37,https://gofood.co.id/en/surabaya/restaurant/mie-gacoan-genteng-f49fb30b-5b97-41b6-b66c-924da5d72fba/reviews,kembali ke pengaturan yang dulu dong bawang nya jangan kurangin,5.0,Mie Gacoan lv 1 - Siomay - Mie Gacoan lv 0 - Mie Gacoan lv 6,Ordered on 21 September 2023,0,Buruk,,
1701446020-38,https://gofood.co.id/en/surabaya/restaurant/mie-gacoan-genteng-f49fb30b-5b97-41b6-b66c-924da5d72fba/reviews,tolong dong bawang nya seperti dulu lagi sekarang sedikit bawang nya,5.0,Mie Gacoan lv 1 - Mie Gacoan lv 0 - Siomay - Mie Gacoan lv 6,Ordered on 17 October 2023,0,Buruk,,
1701446020-39,https://gofood.co.id/en/surabaya/restaurant/mie-gacoan-genteng-f49fb30b-5b97-41b6-b66c-924da5d72fba/reviews,layanan yang cepat,5.0,Udang Rambutan - Mie Gacoan lv 4,Ordered on 29 October 2023,1,Baik,,
1701446020-40,https://gofood.co.id/en/surabaya/restaurant/mie-gacoan-genteng-f49fb30b-5b97-41b6-b66c-924da5d72fba/reviews,"telat datengnya soalnya rame, jadi kelaperan",5.0,Mie Hompimpa lv 3 - Udang Keju - Mie Gacoan lv 0,Ordered on 28 October 2023,0,Buruk,,
1701446020-41,https://gofood.co.id/en/surabaya/restaurant/mie-gacoan-genteng-f49fb30b-5b97-41b6-b66c-924da5d72fba/reviews,Lebih hati” dalam mengemas makanan,3.0,Mie Gacoan lv 3 - Udang Rambutan - Milo,Ordered on 24 October 2023,0,Buruk,,
1701446020-42,https://gofood.co.id/en/surabaya/restaurant/mie-gacoan-genteng-f49fb30b-5b97-41b6-b66c-924da5d72fba/reviews,enak seperti biasa..,5.0,Udang Keju - Mie Gacoan lv 1,Ordered on 27 October 2023,1,Baik,,
1701446020-43,https://gofood.co.id/en/surabaya/restaurant/mie-gacoan-genteng-f49fb30b-5b97-41b6-b66c-924da5d72fba/reviews,enak seperti biasa..,5.0,Mie Gacoan lv 3 - Mie Gacoan lv 1 - Mie Hompimpa lv 1 - Mie Suit - Udang Rambutan,Ordered on 27 October 2023,1,Baik,,
1701446020-44,https://gofood.co.id/en/surabaya/restaurant/mie-gacoan-genteng-f49fb30b-5b97-41b6-b66c-924da5d72fba/reviews,as always enak tapi lama sih,5.0,Mie Gacoan lv 0 - Mie Gacoan lv 3 - Pangsit - Mie Gacoan lv 1 - Thai Tea Ori - Udang Keju,Ordered on 26 October 2023,0,Buruk,,
1701446020-45,https://gofood.co.id/en/surabaya/restaurant/mie-gacoan-genteng-f49fb30b-5b97-41b6-b66c-924da5d72fba/reviews,terimakasih bapak,5.0,Mie Hompimpa lv 3,Ordered on 26 October 2023,5,Buruk,,
1701446020-46,https://gofood.co.id/en/surabaya/restaurant/mie-gacoan-genteng-f49fb30b-5b97-41b6-b66c-924da5d72fba/reviews,"Kemasan sobek masih di pakai buat isi minuman, alhasil minumanya tumpah semua. Kesalah dri driver atau pihak resto.",2.0,Mie Gacoan lv 2 - Pangsit - Es Gobak Sodor - Siomay,Ordered on 24 October 2023,0,Buruk,,
1701446020-47,https://gofood.co.id/en/surabaya/restaurant/mie-gacoan-genteng-f49fb30b-5b97-41b6-b66c-924da5d72fba/reviews,enaak,5.0,Mie Gacoan lv 1 - Mie Gacoan lv 0,Ordered on 22 October 2023,1,Baik,,
1701446020-48,https://gofood.co.id/en/surabaya/restaurant/mie-gacoan-genteng-f49fb30b-5b97-41b6-b66c-924da5d72fba/reviews,"Untuk rasa sudah oke, sudah langganan lama, tapi kemasannya kenapa gak ada perbaikan, Sterofom itu berbahaya, gacoan itu sudah punya nama, harusnya punya standart yang jelas.",1.0,Mie Hompimpa lv 2 - Mie Suit - Siomay,Ordered on 22 October 2023,0,Buruk,,
1701446020-49,https://gofood.co.id/en/surabaya/restaurant/mie-gacoan-genteng-f49fb30b-5b97-41b6-b66c-924da5d72fba/reviews,udang keju nya gak ada,1.0,Mie Suit - Udang Keju,Ordered on 21 October 2023,0,Buruk,,
1701446020-50,https://gofood.co.id/en/surabaya/restaurant/mie-gacoan-genteng-f49fb30b-5b97-41b6-b66c-924da5d72fba/reviews,klo menurut sya poersinya terlalu kering mie nya .,4.0,Mie Hompimpa lv 1 - Es Teklek,Ordered on 18 October 2023,0,Buruk,,
1701446020-51,https://gofood.co.id/en/surabaya/restaurant/mie-gacoan-genteng-f49fb30b-5b97-41b6-b66c-924da5d72fba/reviews,"minyak nya agak berlebih yaaa ,, mungkin bisa d perbaiki",4.0,Lumpia Udang - Mie Gacoan lv 4,Ordered on 18 October 2023,0,Buruk,,
1701446020-52,https://gofood.co.id/en/surabaya/restaurant/mie-gacoan-genteng-f49fb30b-5b97-41b6-b66c-924da5d72fba/reviews,thank you lumayan,5.0,Mie Gacoan lv 1 - Mie Gacoan lv 2 - Udang Keju - Teh - Udang Rambutan - Es Petak Umpet,Ordered on 17 October 2023,1,Baik,,
1701446020-53,https://gofood.co.id/en/surabaya/restaurant/mie-gacoan-genteng-f49fb30b-5b97-41b6-b66c-924da5d72fba/reviews,mienya gaada rasanya,3.0,Mie Gacoan lv 4 - Udang Rambutan - Udang Keju,Ordered on 17 October 2023,0,Buruk,,
1701446020-54,https://gofood.co.id/en/surabaya/restaurant/mie-gacoan-genteng-f49fb30b-5b97-41b6-b66c-924da5d72fba/reviews,enak seperti biasa...,5.0,Mie Gacoan lv 0 - Mie Gacoan lv 1 - Udang Keju - Udang Rambutan,Ordered on 16 October 2023,1,Baik,,
1701446020-55,https://gofood.co.id/en/surabaya/restaurant/mie-gacoan-genteng-f49fb30b-5b97-41b6-b66c-924da5d72fba/reviews,"overall ik , pesen 3 mie gacoan lv 0 tp kok yg satu pedes banget gak tau diksh lv brp td ...",5.0,Mie Gacoan lv 0,Ordered on 15 October 2023,0,Buruk,,
1701446020-56,https://gofood.co.id/en/surabaya/restaurant/mie-gacoan-genteng-f49fb30b-5b97-41b6-b66c-924da5d72fba/reviews,1. siomaynya rasanya kayak kurang matang 2. udang kejunya asin banget :( 3. Beda sama di Cabang Manukan,3.0,Mie Hompimpa lv 1 - Mie Gacoan lv 4 - Siomay - Udang Keju,Ordered on 15 October 2023,0,Buruk,,
1701446020-57,https://gofood.co.id/en/surabaya/restaurant/mie-gacoan-genteng-f49fb30b-5b97-41b6-b66c-924da5d72fba/reviews,"Langganan, karena juga deket dari rumah",5.0,Mie Gacoan lv 1 - Mie Gacoan lv 0 - Es Gobak Sodor - Es Teklek - Orange,Ordered on 12 October 2023,1,Baik,,
1701446020-58,https://gofood.co.id/en/surabaya/restaurant/mie-gacoan-genteng-f49fb30b-5b97-41b6-b66c-924da5d72fba/reviews,cuman kurang pedes aja biasanya level 2 Kalok goofood pedes nya kerasa ini gk,5.0,Mie Gacoan lv 2,Ordered on 12 October 2023,0,Buruk,,
1701446020-59,https://gofood.co.id/en/surabaya/restaurant/mie-gacoan-genteng-f49fb30b-5b97-41b6-b66c-924da5d72fba/reviews,mie hompimpa nya gak ada rasanya anyep.. rasanya kurang,5.0,Mie Hompimpa lv 1 - Mie Hompimpa lv 2 - Siomay - Udang Keju,Ordered on 11 October 2023,0,Buruk,,
1701446020-60,https://gofood.co.id/en/surabaya/restaurant/mie-gacoan-genteng-f49fb30b-5b97-41b6-b66c-924da5d72fba/reviews,kak sumpit nya lupa ya sampai bingung makan pake apa posisi lgi di sekolah ga bawa alat makan semua🙃,4.0,Mie Gacoan lv 4 - Mie Gacoan lv 1 - Udang Rambutan - Udang Keju - Pangsit - Mie Gacoan lv 3 - Mie Gacoan lv 2,Ordered on 11 October 2023,0,Buruk,,
1701446020-61,https://gofood.co.id/en/surabaya/restaurant/mie-gacoan-genteng-f49fb30b-5b97-41b6-b66c-924da5d72fba/reviews,"mantap, pedes dan rasanya pas dilidah,  kemasannya rapi dan bersih. 👌",5.0,Gacoan Fest C - Mie Gacoan lv 1,Ordered on 9 October 2023,1,Baik,,
1701446020-62,https://gofood.co.id/en/surabaya/restaurant/mie-gacoan-genteng-f49fb30b-5b97-41b6-b66c-924da5d72fba/reviews,enak dan slalu langganan,5.0,Mie Gacoan lv 8 - Udang Rambutan,Ordered on 8 October 2023,1,Baik,,
1701446020-63,https://gofood.co.id/en/surabaya/restaurant/mie-gacoan-genteng-f49fb30b-5b97-41b6-b66c-924da5d72fba/reviews,mantapppp masnya gojeknya juga bagus,5.0,Mie Gacoan lv 2 - Udang Keju - Teh,Ordered on 9 October 2023,1,Baik,,
1701446020-64,https://gofood.co.id/en/surabaya/restaurant/mie-gacoan-genteng-f49fb30b-5b97-41b6-b66c-924da5d72fba/reviews,"katanya antri, tp makanannya radak dingin. 1 jam menunggu",3.0,Gacoan Fest A,Ordered on 8 October 2023,0,Buruk,,
1701446020-65,https://gofood.co.id/en/surabaya/restaurant/mie-gacoan-genteng-f49fb30b-5b97-41b6-b66c-924da5d72fba/reviews,pesanan dan yang datang sangat tidak sesuai. perbaiki lagi pelayanannya!!!!!!!,1.0,Mie Hompimpa lv 4 - Mie Gacoan lv 0 - Udang Keju - Lumpia Udang - Teh,Ordered on 8 October 2023,0,Buruk,,
1701446020-66,https://gofood.co.id/en/surabaya/restaurant/mie-gacoan-genteng-f49fb30b-5b97-41b6-b66c-924da5d72fba/reviews,"entah salah pesanan atau ga. pesenya yg manis, tapi pas dateng, mienya ga ada kayak kecapnya sama sekali. pas dimakan pun, ga ada manis2nya sama sekali. tapi kali ini udang kejunya bagusan, ga terlalu gosong. tolong perhatiin lagi ya.",3.0,Mie Gacoan lv 2 - Udang Keju,Ordered on 7 October 2023,0,Buruk,,
1701446020-67,https://gofood.co.id/en/surabaya/restaurant/mie-gacoan-genteng-f49fb30b-5b97-41b6-b66c-924da5d72fba/reviews,"overall enak, tapi aku pesen siomay malah yang datang lumpia. sebenarnya gapapa, tapi kalo bisa mohon di cek lagi. trims",3.0,Mie Gacoan lv 2 - Udang Rambutan - Udang Keju - Siomay,Ordered on 7 October 2023,0,Buruk,,
1701446020-68,https://gofood.co.id/en/surabaya/restaurant/mie-gacoan-genteng-f49fb30b-5b97-41b6-b66c-924da5d72fba/reviews,rasa sangat standar namun pelayanan sesuai request dan cabe nya fresh.,5.0,Thai Green Tea - Mie Hompimpa lv 8 - Mie Hompimpa lv 2 - Udang Keju,Ordered on 6 October 2023,1,Baik,,
1701446020-69,https://gofood.co.id/en/surabaya/restaurant/mie-gacoan-genteng-f49fb30b-5b97-41b6-b66c-924da5d72fba/reviews,Terlalu pedas 🥵,3.0,Gacoan Fest A,Ordered on 6 October 2023,0,Buruk,,
1701446020-70,https://gofood.co.id/en/surabaya/restaurant/mie-gacoan-genteng-f49fb30b-5b97-41b6-b66c-924da5d72fba/reviews,sippp ok...rasa enak,5.0,Mie Gacoan lv 1 - Mie Gacoan lv 2 - Mie Gacoan lv 3,Ordered on 22 September 2023,1,Baik,,
1701446020-71,https://gofood.co.id/en/surabaya/restaurant/mie-gacoan-genteng-f49fb30b-5b97-41b6-b66c-924da5d72fba/reviews,pesan gacoan tp kok gk ada kecapnya ya..,3.0,Mie Gacoan lv 3 - Mie Gacoan lv 2 - Lumpia Udang - Udang Rambutan,Ordered on 4 October 2023,0,Buruk,,
1701446020-72,https://gofood.co.id/en/surabaya/restaurant/mie-gacoan-genteng-f49fb30b-5b97-41b6-b66c-924da5d72fba/reviews,makananya  enak kok dan baik,4.0,Mie Gacoan lv 0 - Udang Rambutan,Ordered on 3 October 2023,1,Baik,,
1701446020-73,https://gofood.co.id/en/surabaya/restaurant/mie-gacoan-genteng-f49fb30b-5b97-41b6-b66c-924da5d72fba/reviews,sesuai catatan pesanan,5.0,Mie Suit - Mie Hompimpa lv 2 - Teh Tarik,Ordered on 30 September 2023,0,Buruk,,
1701446020-74,https://gofood.co.id/en/surabaya/restaurant/mie-gacoan-genteng-f49fb30b-5b97-41b6-b66c-924da5d72fba/reviews,Kebaikan orangnya ramah santun juga,5.0,Mie Gacoan lv 3,Ordered on 1 October 2023,5,Buruk,,
1701446020-75,https://gofood.co.id/en/surabaya/restaurant/mie-gacoan-genteng-f49fb30b-5b97-41b6-b66c-924da5d72fba/reviews,seperti biasanya,5.0,Mie Gacoan lv 1 - Mie Gacoan lv 2 - Udang Rambutan,Ordered on 29 September 2023,1,Baik,,
1701446020-76,https://gofood.co.id/en/surabaya/restaurant/mie-gacoan-genteng-f49fb30b-5b97-41b6-b66c-924da5d72fba/reviews,saya sudah catat mau request cabe .... tapi kenapa kok masih tidak di perhatikan ... dan untuk harga mahal,3.0,Mie Gacoan lv 1 - Udang Keju,Ordered on 28 September 2023,0,Buruk,,
1701446020-77,https://gofood.co.id/en/surabaya/restaurant/mie-gacoan-genteng-f49fb30b-5b97-41b6-b66c-924da5d72fba/reviews,enak bgt cuyyyy 😋,5.0,Mie Gacoan lv 1 - Mie Gacoan lv 2,Ordered on 28 September 2023,1,Baik,,
1701446020-78,https://gofood.co.id/en/surabaya/restaurant/mie-gacoan-genteng-f49fb30b-5b97-41b6-b66c-924da5d72fba/reviews,enak banget makanannya.. ga ada obat,5.0,Mie Hompimpa lv 2 - Siomay - Es Gobak Sodor,Ordered on 28 September 2023,1,Baik,,
1701446020-79,https://gofood.co.id/en/surabaya/restaurant/mie-gacoan-genteng-f49fb30b-5b97-41b6-b66c-924da5d72fba/reviews,lama masak nya,1.0,Mie Gacoan lv 0 - Mie Gacoan lv 2,Ordered on 27 September 2023,0,Buruk,,
1701446020-80,https://gofood.co.id/en/surabaya/restaurant/mie-gacoan-genteng-f49fb30b-5b97-41b6-b66c-924da5d72fba/reviews,jossssssssssssssssssss,5.0,Mie Gacoan lv 1 - Udang Keju - Teh Tarik,Ordered on 27 September 2023,1,Baik,,
1701446020-81,https://gofood.co.id/en/surabaya/restaurant/mie-gacoan-genteng-f49fb30b-5b97-41b6-b66c-924da5d72fba/reviews,kurang anget pangsitnya + terlalu kering,2.0,Mie Gacoan lv 1 - Mie Hompimpa lv 3 - Teh Tarik - Mie Hompimpa lv 6,Ordered on 27 September 2023,0,Buruk,,
1701446020-82,https://gofood.co.id/en/surabaya/restaurant/mie-gacoan-genteng-f49fb30b-5b97-41b6-b66c-924da5d72fba/reviews,level 4 seperti level 1 pedasnya ya,4.0,Mie Hompimpa lv 4 - Mie Gacoan lv 1 - Udang Keju,Ordered on 26 September 2023,0,Buruk,,
1701446020-83,https://gofood.co.id/en/surabaya/restaurant/mie-gacoan-genteng-f49fb30b-5b97-41b6-b66c-924da5d72fba/reviews,pesen level 1 malah di kasih level 5,1.0,Mie Gacoan lv 1 - Udang Rambutan,Ordered on 24 September 2023,0,Buruk,,
1701446020-84,https://gofood.co.id/en/surabaya/restaurant/mie-gacoan-genteng-f49fb30b-5b97-41b6-b66c-924da5d72fba/reviews,enkk makasi bayak pak,5.0,Mie Gacoan lv 8 - Mie Gacoan lv 3 - Udang Rambutan - Udang Keju,Ordered on 23 September 2023,1,Baik,,
1701446020-85,https://gofood.co.id/en/surabaya/restaurant/mie-gacoan-genteng-f49fb30b-5b97-41b6-b66c-924da5d72fba/reviews,pokoke mantap deh mie gacoan genteng,5.0,Mie Gacoan lv 1 - Udang Keju - Siomay,Ordered on 22 September 2023,1,Baik,,
1701446020-86,https://gofood.co.id/en/surabaya/restaurant/mie-gacoan-genteng-f49fb30b-5b97-41b6-b66c-924da5d72fba/reviews,baik enak seger teh nya seger mie nya enak udang kejunya enak,5.0,Mie Gacoan lv 1 - Udang Keju - Lemon Tea,Ordered on 22 September 2023,1,Baik,,
1701446020-87,https://gofood.co.id/en/surabaya/restaurant/mie-gacoan-genteng-f49fb30b-5b97-41b6-b66c-924da5d72fba/reviews,gada sumpit ny,3.0,Udang Keju - Mie Gacoan lv 2 - Lumpia Udang - Mie Gacoan lv 3,Ordered on 22 September 2023,0,Buruk,,
1701446020-88,https://gofood.co.id/en/surabaya/restaurant/mie-gacoan-genteng-f49fb30b-5b97-41b6-b66c-924da5d72fba/reviews,"saya pesen mie gacoan level 4 sama mie hompimpa level 3,mie gacoan nya yang level 4 itu tidak pedas padahal level 4,yang pedas malah mie hompimpa level 3 malahan,aneh:( rasanya menurut saya keliru yang semakin tinggi level seharusnya malah pedas bukan malah tidak pedas:( itu saja masukan dr sy, SUKSES SLALU MIE GACOAN INDONESIA!!!",3.0,Mie Hompimpa lv 3 - Mie Gacoan lv 4,Ordered on 21 September 2023,0,Buruk,,
1701446020-89,https://gofood.co.id/en/surabaya/restaurant/mie-gacoan-genteng-f49fb30b-5b97-41b6-b66c-924da5d72fba/reviews,"Asin Banget sumpah. mana kecapnya buanyak banget. enek jadinya 🤢kemaren order di Oren, pesan Gacoan 1,2 yg datang Hompimpa 1,1 . sekarang udah bener tapi rasanya kacauu",3.0,Mie Gacoan lv 1 - Udang Rambutan,Ordered on 21 September 2023,0,Buruk,,
1701446020-90,https://gofood.co.id/en/surabaya/restaurant/mie-gacoan-genteng-f49fb30b-5b97-41b6-b66c-924da5d72fba/reviews,"Sip, kecapnya kurang banyak dikit",5.0,Siomay - Mie Gacoan lv 1,Ordered on 20 September 2023,1,Baik,,
1701446020-91,https://gofood.co.id/en/surabaya/restaurant/mie-gacoan-genteng-f49fb30b-5b97-41b6-b66c-924da5d72fba/reviews,sayang kemasan masih pakai setrofoam,5.0,Mie Gacoan lv 1,Ordered on 17 September 2023,0,Buruk,,
1701446020-92,https://gofood.co.id/en/surabaya/restaurant/mie-gacoan-genteng-f49fb30b-5b97-41b6-b66c-924da5d72fba/reviews,"kemasan Yg bikin saya Kesel Tiap Order . d Gacoan Lain Ko' Udh Kemasan khusus dus . kenapa d sini tetep aja pake foam . saya order Karna Rasa Ny Tetep OK , tp tiap order berharap kemasan Udh Berganti Tp NOL .",3.0,Mie Gacoan lv 0 - Mie Gacoan lv 1 - Udang Keju - Udang Rambutan,Ordered on 16 September 2023,0,Buruk,,
1701446020-93,https://gofood.co.id/en/surabaya/restaurant/mie-gacoan-genteng-f49fb30b-5b97-41b6-b66c-924da5d72fba/reviews,Kurang terasa bumbunya,3.0,Mie Gacoan lv 0 - Mie Gacoan lv 2 - Siomay - Lumpia Udang,Ordered on 16 September 2023,0,Buruk,,
1701446020-94,https://gofood.co.id/en/surabaya/restaurant/mie-gacoan-genteng-f49fb30b-5b97-41b6-b66c-924da5d72fba/reviews,udang kejunya dari dulu gak mengecewakan,5.0,Udang Keju - Mie Gacoan lv 1 - Siomay,Ordered on 16 September 2023,1,Baik,,
1701446020-95,https://gofood.co.id/en/surabaya/restaurant/mie-gacoan-genteng-f49fb30b-5b97-41b6-b66c-924da5d72fba/reviews,mienya cukup enak tapi pangsitnya si mantep banget isianya full daging ayam👍,4.0,Mie Gacoan lv 1 - Mie Gacoan lv 2,Ordered on 4 September 2023,1,Baik,,
1701446020-96,https://gofood.co.id/en/surabaya/restaurant/mie-gacoan-genteng-f49fb30b-5b97-41b6-b66c-924da5d72fba/reviews,mie nya enak....siomay jg mantul,5.0,Mie Gacoan lv 1 - Siomay,Ordered on 16 September 2023,1,Baik,,
1701446020-97,https://gofood.co.id/en/surabaya/restaurant/mie-gacoan-genteng-f49fb30b-5b97-41b6-b66c-924da5d72fba/reviews,masih sama rasanya,5.0,Mie Suit - Mie Gacoan lv 1 - Udang Keju,Ordered on 15 September 2023,1,Baik,,
1701446020-98,https://gofood.co.id/en/surabaya/restaurant/mie-gacoan-genteng-f49fb30b-5b97-41b6-b66c-924da5d72fba/reviews,selaluu enaakk 😋😋,5.0,Mie Gacoan lv 1 - Mie Suit - Udang Keju,Ordered on 15 September 2023,1,Baik,,
1701446020-99,https://gofood.co.id/en/surabaya/restaurant/mie-gacoan-genteng-f49fb30b-5b97-41b6-b66c-924da5d72fba/reviews,Terimakasih banyak enak banget,5.0,Mie Gacoan lv 4 - Teh,Ordered on 31 August 2023,1,Baik,,
1701446020-100,https://gofood.co.id/en/surabaya/restaurant/mie-gacoan-genteng-f49fb30b-5b97-41b6-b66c-924da5d72fba/reviews,terimakasih banyak enak,5.0,Mie Gacoan lv 4 - Mie Gacoan lv 6,Ordered on 30 August 2023,1,Baik,,
1701446020-101,https://gofood.co.id/en/surabaya/restaurant/mie-gacoan-genteng-f49fb30b-5b97-41b6-b66c-924da5d72fba/reviews,terimakasih banyak enak nyoss,5.0,Mie Gacoan lv 4 - Teh,Ordered on 12 September 2023,1,Baik,,
1701446020-102,https://gofood.co.id/en/surabaya/restaurant/mie-gacoan-genteng-f49fb30b-5b97-41b6-b66c-924da5d72fba/reviews,terimakasih banyak,5.0,Mie Gacoan lv 2 - Mie Hompimpa lv 4,Ordered on 15 September 2023,1,Baik,,
1701446020-103,https://gofood.co.id/en/surabaya/restaurant/mie-gacoan-genteng-f49fb30b-5b97-41b6-b66c-924da5d72fba/reviews,Good puasss sekali,5.0,Mie Gacoan lv 2 - Mie Gacoan lv 1,Ordered on 13 September 2023,1,Baik,,
1701446020-104,https://gofood.co.id/en/surabaya/restaurant/mie-gacoan-genteng-f49fb30b-5b97-41b6-b66c-924da5d72fba/reviews,jagalah kebersihan,3.0,Mie Gacoan lv 2 - Lumpia Udang,Ordered on 19 July 2023,0,Buruk,,
1701446020-105,https://gofood.co.id/en/surabaya/restaurant/mie-gacoan-genteng-f49fb30b-5b97-41b6-b66c-924da5d72fba/reviews,wes enak poll lk gacoan iki,5.0,Mie Gacoan lv 2 - Udang Keju - Siomay - Lumpia Udang - Mie Gacoan lv 1,Ordered on 11 September 2023,1,Baik,,
1701446020-106,https://gofood.co.id/en/surabaya/restaurant/mie-gacoan-genteng-f49fb30b-5b97-41b6-b66c-924da5d72fba/reviews,kotak nya box biasa,4.0,Mie Gacoan lv 2 - Mie Hompimpa lv 4,Ordered on 10 September 2023,0,Buruk,,
1701446020-107,https://gofood.co.id/en/surabaya/restaurant/mie-gacoan-genteng-f49fb30b-5b97-41b6-b66c-924da5d72fba/reviews,terima kasihhhhh,5.0,Mega Diskon Paket Gacoan B - Lumpia Udang - Siomay,Ordered on 10 September 2023,1,Baik,,
1701446020-108,https://gofood.co.id/en/surabaya/restaurant/mie-gacoan-genteng-f49fb30b-5b97-41b6-b66c-924da5d72fba/reviews,"uenaaakkk polll, puedesss poll wes mantep pokok e👍👍",5.0,Mie Gacoan lv 3 - Mie Gacoan lv 1 - Lumpia Udang - Udang Keju,Ordered on 10 September 2023,1,Baik,,
1701446020-109,https://gofood.co.id/en/surabaya/restaurant/mie-gacoan-genteng-f49fb30b-5b97-41b6-b66c-924da5d72fba/reviews,"tumben banget mienya lembek.. jadinya gak enak banget makannya.. rasanya juga kurang.. biasanya berasa, terlalu banyak minyaknya.. toloong diperhatikan lagi ya",2.0,Udang Keju - Mie Gacoan lv 0 - Mie Gacoan lv 2 - Teh,Ordered on 9 September 2023,0,Buruk,,
1701446020-110,https://gofood.co.id/en/surabaya/restaurant/mie-gacoan-genteng-f49fb30b-5b97-41b6-b66c-924da5d72fba/reviews,baik sopan ramah utk abang nya,5.0,Mie Gacoan lv 2 - Mie Gacoan lv 4 - Mie Gacoan lv 8 - Mie Gacoan lv 1 - Mie Gacoan lv 3,Ordered on 12 July 2023,1,Baik,,
1701446020-111,https://gofood.co.id/en/surabaya/restaurant/mie-gacoan-genteng-f49fb30b-5b97-41b6-b66c-924da5d72fba/reviews,semua bagus saya suka abang bya ramah baik cepat,5.0,Mie Gacoan lv 2 - Mie Gacoan lv 1,Ordered on 8 September 2023,1,Baik,,
1701446020-112,https://gofood.co.id/en/surabaya/restaurant/mie-gacoan-genteng-f49fb30b-5b97-41b6-b66c-924da5d72fba/reviews,mienya terlalu lembek kayaknya terlama dimasak biasanya gak kayak gini,3.0,Mie Gacoan lv 0 - Mie Gacoan lv 1,Ordered on 8 September 2023,0,Buruk,,
1701446020-113,https://gofood.co.id/en/surabaya/restaurant/mie-gacoan-genteng-f49fb30b-5b97-41b6-b66c-924da5d72fba/reviews,"Siomaynya kedinginan chef, klo bisa diangetin dulu",5.0,Mie Gacoan lv 0 - Mie Gacoan lv 2 - Siomay,Ordered on 8 September 2023,0,Buruk,,
1701446020-114,https://gofood.co.id/en/surabaya/restaurant/mie-gacoan-genteng-f49fb30b-5b97-41b6-b66c-924da5d72fba/reviews,bumbunya kurang berasa,4.0,Mie Gacoan lv 2 - Udang Rambutan - Pangsit - Teh - Mie Hompimpa lv 3,Ordered on 7 September 2023,0,Buruk,,
1701446020-115,https://gofood.co.id/en/surabaya/restaurant/mie-gacoan-genteng-f49fb30b-5b97-41b6-b66c-924da5d72fba/reviews,enak saking lama lamanya,5.0,Mie Gacoan lv 3,Ordered on 6 September 2023,0,Buruk,,
1701446020-116,https://gofood.co.id/en/surabaya/restaurant/mie-gacoan-genteng-f49fb30b-5b97-41b6-b66c-924da5d72fba/reviews,pokoknya in the best banget makanannya👍❤️,5.0,Mie Gacoan lv 1 - Mie Gacoan lv 6 - Mie Hompimpa lv 6,Ordered on 12 August 2023,1,Baik,,
1701446020-117,https://gofood.co.id/en/surabaya/restaurant/mie-gacoan-genteng-f49fb30b-5b97-41b6-b66c-924da5d72fba/reviews,"cuma sayang, mgk lupa GK dikasih topping cacahan ayam ...padahal suka banget",5.0,Mie Hompimpa lv 3 - Udang Rambutan - Udang Keju,Ordered on 4 September 2023,0,Buruk,,
1701446020-118,https://gofood.co.id/en/surabaya/restaurant/mie-gacoan-genteng-f49fb30b-5b97-41b6-b66c-924da5d72fba/reviews,level 1 kyk level 3 level 2 kyk 1,1.0,Mie Hompimpa lv 1 - Mie Hompimpa lv 2 - Es Gobak Sodor - Milo,Ordered on 4 September 2023,0,Buruk,,
1701446020-119,https://gofood.co.id/en/surabaya/restaurant/mie-gacoan-genteng-f49fb30b-5b97-41b6-b66c-924da5d72fba/reviews,"kemaren level 2 pedes banget , sekarang malah cabenya dikit banget . gak konsisten",2.0,Mie Gacoan lv 2 - Udang Rambutan - Lumpia Udang - Es Gobak Sodor,Ordered on 31 August 2023,0,Buruk,,
1701446020-120,https://gofood.co.id/en/surabaya/restaurant/mie-gacoan-genteng-f49fb30b-5b97-41b6-b66c-924da5d72fba/reviews,Mie ada yg menggumpal (nempel satu sama lain),4.0,Mie Gacoan lv 2 - Udang Keju,Ordered on 26 August 2023,0,Buruk,,
1701446020-121,https://gofood.co.id/en/surabaya/restaurant/mie-gacoan-genteng-f49fb30b-5b97-41b6-b66c-924da5d72fba/reviews,gak sesuai pesanan:),1.0,Mie Gacoan lv 1 - Siomay - Udang Keju,Ordered on 3 September 2023,0,Buruk,,
1701446020-122,https://gofood.co.id/en/surabaya/restaurant/mie-gacoan-genteng-f49fb30b-5b97-41b6-b66c-924da5d72fba/reviews,orderan yg dateng salah. punya orang dikasih ke saya.,3.0,Mie Gacoan lv 0 - Udang Keju,Ordered on 3 September 2023,0,Buruk,,
1701446020-123,https://gofood.co.id/en/surabaya/restaurant/mie-gacoan-genteng-f49fb30b-5b97-41b6-b66c-924da5d72fba/reviews,terimakasih pelayanan,5.0,Mie Hompimpa lv 2 - Siomay - Es Teklek,Ordered on 2 September 2023,1,Baik,,
1701446020-124,https://gofood.co.id/en/surabaya/restaurant/mie-gacoan-genteng-f49fb30b-5b97-41b6-b66c-924da5d72fba/reviews,Kalo bisa dipercepat preparationnya,4.0,Mie Gacoan lv 0 - Mie Gacoan lv 1 - Udang Rambutan - Lumpia Udang,Ordered on 2 September 2023,0,Buruk,,
1701446020-125,https://gofood.co.id/en/surabaya/restaurant/mie-gacoan-genteng-f49fb30b-5b97-41b6-b66c-924da5d72fba/reviews,mantull rasanya Joss..,5.0,Mie Gacoan lv 1 - Udang Rambutan,Ordered on 2 September 2023,1,Baik,,
1701446020-126,https://gofood.co.id/en/surabaya/restaurant/mie-gacoan-genteng-f49fb30b-5b97-41b6-b66c-924da5d72fba/reviews,pembagian porsi kurang merata,5.0,Mie Hompimpa lv 3 - Mie Hompimpa lv 1,Ordered on 1 September 2023,0,Buruk,,
1701446020-127,https://gofood.co.id/en/surabaya/restaurant/mie-gacoan-genteng-f49fb30b-5b97-41b6-b66c-924da5d72fba/reviews,Aku pesen yang gacoan level 2 tp ga ada cabe nga samasekaliii,1.0,Mie Gacoan lv 2 - Thai Tea Ori,Ordered on 1 September 2023,0,Buruk,,
1701446020-128,https://gofood.co.id/en/surabaya/restaurant/mie-gacoan-genteng-f49fb30b-5b97-41b6-b66c-924da5d72fba/reviews,pesen lvl 3 tapi pucet banget gaada sambelnya kaya lvl 1,2.0,Mie Gacoan lv 3 - Udang Keju - Lemon Tea,Ordered on 30 August 2023,0,Buruk,,
1701446020-129,https://gofood.co.id/en/surabaya/restaurant/mie-gacoan-genteng-f49fb30b-5b97-41b6-b66c-924da5d72fba/reviews,"sepertinya percuma di kasih note , gak akan di baca kyk nya",5.0,Mie Hompimpa lv 4 - Udang Rambutan,Ordered on 30 August 2023,0,Buruk,,
1701446020-130,https://gofood.co.id/en/surabaya/restaurant/mie-gacoan-genteng-f49fb30b-5b97-41b6-b66c-924da5d72fba/reviews,maknyus bisa di coba lagi,5.0,Mie Gacoan lv 4 - Mie Gacoan lv 1 - Mie Gacoan lv 2 - Teh,Ordered on 30 August 2023,1,Baik,,
1701446020-131,https://gofood.co.id/en/surabaya/restaurant/mie-gacoan-genteng-f49fb30b-5b97-41b6-b66c-924da5d72fba/reviews,enak banget mie favorit,5.0,Mie Gacoan lv 1 - Mie Gacoan lv 0 - Mie Gacoan lv 4 - Teh,Ordered on 18 August 2023,1,Baik,,
1701446020-132,https://gofood.co.id/en/surabaya/restaurant/mie-gacoan-genteng-f49fb30b-5b97-41b6-b66c-924da5d72fba/reviews,rekomendasi buat yang suka mie pedas dan enak,5.0,Mie Gacoan lv 0 - Mie Gacoan lv 2 - Udang Rambutan - Udang Keju - Es Gobak Sodor - Es Teklek,Ordered on 29 August 2023,1,Baik,,
1701446020-133,https://gofood.co.id/en/surabaya/restaurant/mie-gacoan-genteng-f49fb30b-5b97-41b6-b66c-924da5d72fba/reviews,pesanan gak sesuai yang diharapkan. minta mie gacoan kok dikasih mie homp. tolong diperhatikan lagi. terimakasih,1.0,Mie Gacoan lv 1,Ordered on 28 August 2023,0,Buruk,,
1701446020-134,https://gofood.co.id/en/surabaya/restaurant/mie-gacoan-genteng-f49fb30b-5b97-41b6-b66c-924da5d72fba/reviews,porsi nya kurang...,3.0,Mie Hompimpa lv 1 - Mie Hompimpa lv 3 - Siomay - Udang Rambutan - Udang Keju - Es Gobak Sodor - Mie Gacoan lv 2 - Mie Gacoan lv 1,Ordered on 28 August 2023,0,Buruk,,
1701446020-135,https://gofood.co.id/en/surabaya/restaurant/mie-gacoan-genteng-f49fb30b-5b97-41b6-b66c-924da5d72fba/reviews,"makanannya  enak, pengirimannya cepet 👍👍",4.0,Mie Gacoan lv 0 - Mie Gacoan lv 3 - Udang Keju - Siomay,Ordered on 28 August 2023,1,Baik,,
1701446020-136,https://gofood.co.id/en/surabaya/restaurant/mie-gacoan-genteng-f49fb30b-5b97-41b6-b66c-924da5d72fba/reviews,jangan terlalu luput dengan masalalu,5.0,Mie Gacoan lv 6 - Udang Rambutan - Mie Hompimpa lv 4,Ordered on 27 August 2023,5,Buruk,,
1701446020-137,https://gofood.co.id/en/surabaya/restaurant/mie-gacoan-genteng-f49fb30b-5b97-41b6-b66c-924da5d72fba/reviews,nampol sampai ke paru paru,5.0,Mie Gacoan lv 6 - Udang Rambutan,Ordered on 30 July 2023,1,Baik,,
1701446020-138,https://gofood.co.id/en/surabaya/restaurant/mie-gacoan-genteng-f49fb30b-5b97-41b6-b66c-924da5d72fba/reviews,ngga dikasi alat makan,4.0,Mie Suit - Udang Keju - Lumpia Udang - Mie Gacoan lv 2 - Mie Gacoan lv 1 - Siomay - Thai Tea Ori - Thai Green Tea - Vanila Latte,Ordered on 27 August 2023,0,Buruk,,
1701446020-139,https://gofood.co.id/en/surabaya/restaurant/mie-gacoan-genteng-f49fb30b-5b97-41b6-b66c-924da5d72fba/reviews,makanan nya enak rasanya,5.0,Siomay - Mie Gacoan lv 1,Ordered on 27 August 2023,1,Baik,,
1701446020-140,https://gofood.co.id/en/surabaya/restaurant/mie-gacoan-genteng-f49fb30b-5b97-41b6-b66c-924da5d72fba/reviews,mie nya pesen lv 2 1 sm lv *** malah yg lv 2 gak pedas samsek,4.0,Mie Gacoan lv 2 - Lumpia Udang - Udang Keju - Siomay - Mie Gacoan lv 0,Ordered on 26 August 2023,0,Buruk,,
1701446020-141,https://gofood.co.id/en/surabaya/restaurant/mie-gacoan-genteng-f49fb30b-5b97-41b6-b66c-924da5d72fba/reviews,Lama pelayanannya.. harus nunggu hampir 2 jam,1.0,Mie Gacoan lv 1 - Udang Rambutan - Es Teklek,Ordered on 20 August 2023,0,Buruk,,
1701446020-142,https://gofood.co.id/en/surabaya/restaurant/mie-gacoan-genteng-f49fb30b-5b97-41b6-b66c-924da5d72fba/reviews,syukakkkkkkkkk,5.0,Mie Gacoan lv 8 - Mie Gacoan lv 3 - Udang Rambutan,Ordered on 24 August 2023,1,Baik,,
1701446020-143,https://gofood.co.id/en/surabaya/restaurant/mie-gacoan-genteng-f49fb30b-5b97-41b6-b66c-924da5d72fba/reviews,enak mantoll😍🥰✨,5.0,Es Gobak Sodor - Mie Gacoan lv 1,Ordered on 21 July 2023,1,Baik,,
1701446020-144,https://gofood.co.id/en/surabaya/restaurant/mie-gacoan-genteng-f49fb30b-5b97-41b6-b66c-924da5d72fba/reviews,enak tdk diragukan lagi seperti biasa nya wkwkkwkw ✨❤🤗,5.0,Paket Gacoan A,Ordered on 18 August 2023,1,Baik,,
1701446020-145,https://gofood.co.id/en/surabaya/restaurant/mie-gacoan-genteng-f49fb30b-5b97-41b6-b66c-924da5d72fba/reviews,enakk tapi tumben kecapnya dikit,5.0,Mie Gacoan lv 3 - Mie Gacoan lv 1,Ordered on 23 August 2023,0,Buruk,,
1701446020-146,https://gofood.co.id/en/surabaya/restaurant/mie-gacoan-genteng-f49fb30b-5b97-41b6-b66c-924da5d72fba/reviews,enak banget sayang saos dimsum nya gak ada,5.0,Mie Gacoan lv 1,Ordered on 1 July 2023,0,Buruk,,
1701446020-147,https://gofood.co.id/en/surabaya/restaurant/mie-gacoan-genteng-f49fb30b-5b97-41b6-b66c-924da5d72fba/reviews,sipz sesuai pesanan,5.0,Mie Gacoan lv 1 - Udang Rambutan,Ordered on 26 July 2023,1,Baik,,
1701446020-148,https://gofood.co.id/en/surabaya/restaurant/mie-gacoan-genteng-f49fb30b-5b97-41b6-b66c-924da5d72fba/reviews,enak sesuai pesanan,5.0,Mie Gacoan lv 1 - Udang Rambutan,Ordered on 22 August 2023,1,Baik,,
1701446020-149,https://gofood.co.id/en/surabaya/restaurant/mie-gacoan-genteng-f49fb30b-5b97-41b6-b66c-924da5d72fba/reviews,wenakkkk rekkkkkkkkk,5.0,Mie Gacoan lv 4 - Udang Keju,Ordered on 8 August 2023,1,Baik,,
1701446020-150,https://gofood.co.id/en/surabaya/restaurant/mie-gacoan-genteng-f49fb30b-5b97-41b6-b66c-924da5d72fba/reviews,ok ok kk ok oke,4.0,Mie Gacoan lv 1 - Mie Gacoan lv 6 - Udang Rambutan,Ordered on 21 August 2023,1,Baik,,
1701446020-151,https://gofood.co.id/en/surabaya/restaurant/mie-gacoan-genteng-f49fb30b-5b97-41b6-b66c-924da5d72fba/reviews,ini level 8 apa level 3 sih dri kemaren kek gini terus,1.0,Mie Hompimpa lv 8 - Udang Rambutan,Ordered on 22 August 2023,0,Buruk,,
1701446020-152,https://gofood.co.id/en/surabaya/restaurant/mie-gacoan-genteng-f49fb30b-5b97-41b6-b66c-924da5d72fba/reviews,"Pegawainnya mantap, baca catatan dipesanan dan pesananan dibuatkan sesuai catatan customer. Semoga sukses terus pegawai mie gacoan genteng",5.0,Paket Gacoan A - Siomay,Ordered on 21 August 2023,1,Baik,,
1701446020-153,https://gofood.co.id/en/surabaya/restaurant/mie-gacoan-genteng-f49fb30b-5b97-41b6-b66c-924da5d72fba/reviews,"kotor, ada ulatnya",1.0,Mie Gacoan lv 2 - Udang Rambutan - Mie Gacoan lv 3,Ordered on 5 August 2023,0,Buruk,,
1701446020-154,https://gofood.co.id/en/surabaya/restaurant/mie-gacoan-genteng-f49fb30b-5b97-41b6-b66c-924da5d72fba/reviews,packaging rusak,1.0,Mie Gacoan lv 2 - Lumpia Udang,Ordered on 21 August 2023,0,Buruk,,
1701446020-155,https://gofood.co.id/en/surabaya/restaurant/mie-gacoan-genteng-f49fb30b-5b97-41b6-b66c-924da5d72fba/reviews,"Rasa nya kurang pas, hambar.. Tiap gacoan beda² rasanya..",2.0,Mie Suit - Lumpia Udang,Ordered on 20 August 2023,0,Buruk,,
1701446020-156,https://gofood.co.id/en/surabaya/restaurant/mie-gacoan-genteng-f49fb30b-5b97-41b6-b66c-924da5d72fba/reviews,yg di pesen level 6 tpi gak pedes sama sekali gak ada sambel nya berasa kek level 3🙂🙂🙂,3.0,Mie Hompimpa lv 6 - Udang Rambutan,Ordered on 21 August 2023,0,Buruk,,
1701446020-157,https://gofood.co.id/en/surabaya/restaurant/mie-gacoan-genteng-f49fb30b-5b97-41b6-b66c-924da5d72fba/reviews,mantap betullllllllll,5.0,Mie Gacoan lv 2 - Mie Gacoan lv 4,Ordered on 20 August 2023,1,Baik,,
1701446020-158,https://gofood.co.id/en/surabaya/restaurant/mie-gacoan-genteng-f49fb30b-5b97-41b6-b66c-924da5d72fba/reviews,"PEDES BANGET LVL 2 DOANG, dikasi cabe berapa dah kok pedesnya ampe kaya lvl 6/8",3.0,Mie Gacoan lv 2 - Udang Keju,Ordered on 20 August 2023,0,Buruk,,
1701446020-159,https://gofood.co.id/en/surabaya/restaurant/mie-gacoan-genteng-f49fb30b-5b97-41b6-b66c-924da5d72fba/reviews,maaf saya kasih bintang 3 kak... saya sering beli disini hampir mie yg saya pesan lv 0 tapi baru kali ini pesanannya kurang teliti untuk struknya bener lv 0 tapi yg dalam kemasan kenapa lv 1 kak..??😶,3.0,Mie Gacoan lv 0 - Udang Keju,Ordered on 20 August 2023,0,Buruk,,
1701446020-160,https://gofood.co.id/en/surabaya/restaurant/mie-gacoan-genteng-f49fb30b-5b97-41b6-b66c-924da5d72fba/reviews,thanks untuk setiap pesanan makanan uda sesuai.,5.0,Mie Gacoan lv 0 - Udang Rambutan,Ordered on 30 July 2023,1,Baik,,
1701446020-161,https://gofood.co.id/en/surabaya/restaurant/mie-gacoan-genteng-f49fb30b-5b97-41b6-b66c-924da5d72fba/reviews,beda dengan gacoan di kota lain,3.0,Mie Gacoan lv 0 - Mie Gacoan lv 2 - Udang Keju - Udang Rambutan,Ordered on 17 August 2023,0,Buruk,,
1701446020-162,https://gofood.co.id/en/surabaya/restaurant/mie-gacoan-genteng-f49fb30b-5b97-41b6-b66c-924da5d72fba/reviews,sipppppppppppppppp,5.0,Mie Gacoan lv 2,Ordered on 19 August 2023,1,Baik,,
1701446020-163,https://gofood.co.id/en/surabaya/restaurant/mie-gacoan-genteng-f49fb30b-5b97-41b6-b66c-924da5d72fba/reviews,Baru pertama kali coba dan rasanya enakk banget. Udang keju dan rambutan udang nya enakk banget👍👍👍,5.0,Mie Hompimpa lv 4 - Mie Hompimpa lv 1 - Udang Keju - Thai Tea Ori - Udang Rambutan,Ordered on 19 August 2023,1,Baik,,
1701446020-164,https://gofood.co.id/en/surabaya/restaurant/mie-gacoan-genteng-f49fb30b-5b97-41b6-b66c-924da5d72fba/reviews,enak dan rasanya mantap banget,5.0,Mie Gacoan lv 6,Ordered on 19 August 2023,1,Baik,,
1701446020-165,https://gofood.co.id/en/surabaya/restaurant/mie-gacoan-genteng-f49fb30b-5b97-41b6-b66c-924da5d72fba/reviews,mie nya gak kayak biasanya bumbunya hambar,1.0,Mie Gacoan lv 3,Ordered on 18 August 2023,0,Buruk,,
1701446020-166,https://gofood.co.id/en/surabaya/restaurant/mie-gacoan-genteng-f49fb30b-5b97-41b6-b66c-924da5d72fba/reviews,mie nya selalu kering..,2.0,Mie Gacoan lv 0 - Pangsit - Mie Gacoan lv 1,Ordered on 18 August 2023,0,Buruk,,
1701446020-167,https://gofood.co.id/en/surabaya/restaurant/mie-gacoan-genteng-f49fb30b-5b97-41b6-b66c-924da5d72fba/reviews,drivernya asik,5.0,Mie Gacoan lv 1 - Es Petak Umpet,Ordered on 17 August 2023,5,Buruk,,
1701446020-168,https://gofood.co.id/en/surabaya/restaurant/mie-gacoan-genteng-f49fb30b-5b97-41b6-b66c-924da5d72fba/reviews,"mie nya enak bangeet, pedesnya bikin nagih tapo pedes juga cintah deh sma gacoan!",5.0,Mie Gacoan lv 1 - Udang Keju,Ordered on 17 August 2023,0,Buruk,,
1701446020-169,https://gofood.co.id/en/surabaya/restaurant/mie-gacoan-genteng-f49fb30b-5b97-41b6-b66c-924da5d72fba/reviews,"Pesanan kurang.. pesan dimsumnya 3, yang datang cuma 2",1.0,Mie Gacoan lv 0 - Mie Gacoan lv 3 - Udang Keju - Siomay - Orange - Teh - Lumpia Udang,Ordered on 17 August 2023,0,Buruk,,
1701446020-170,https://gofood.co.id/en/surabaya/restaurant/mie-gacoan-genteng-f49fb30b-5b97-41b6-b66c-924da5d72fba/reviews,pembawangan nya kurang banyak klo lainya udah mantap,5.0,Mie Hompimpa lv 1 - Mie Hompimpa lv 3 - Mie Gacoan lv 1,Ordered on 17 August 2023,0,Buruk,,
1701446020-171,https://gofood.co.id/en/surabaya/restaurant/mie-gacoan-genteng-f49fb30b-5b97-41b6-b66c-924da5d72fba/reviews,"pesan mi gacoan, yg datang hompimpa",1.0,Mie Gacoan lv 1 - Mie Gacoan lv 6 - Udang Rambutan - Udang Keju - Es Sluku Bathok - Orange,Ordered on 16 August 2023,0,Buruk,,
1701446020-172,https://gofood.co.id/en/surabaya/restaurant/mie-gacoan-genteng-f49fb30b-5b97-41b6-b66c-924da5d72fba/reviews,pelit...padahal sudah minta saus lebih di awal ...tetep ga dikasih,2.0,Mie Suit - Udang Rambutan - Lumpia Udang,Ordered on 15 August 2023,0,Buruk,,
1701446020-173,https://gofood.co.id/en/surabaya/restaurant/mie-gacoan-genteng-f49fb30b-5b97-41b6-b66c-924da5d72fba/reviews,ntaaapp Bonek mania salam satu nyali.,4.0,Paket Gacoan B,Ordered on 15 August 2023,1,Baik,,
1701446020-174,https://gofood.co.id/en/surabaya/restaurant/mie-gacoan-genteng-f49fb30b-5b97-41b6-b66c-924da5d72fba/reviews,makanannya enak rasanya,5.0,Siomay,Ordered on 15 August 2023,1,Baik,,
1701446020-175,https://gofood.co.id/en/surabaya/restaurant/mie-gacoan-genteng-f49fb30b-5b97-41b6-b66c-924da5d72fba/reviews,enakk tapi saus nya nihh kurang suka kasih saus tomat dong.,5.0,Udang Rambutan - Udang Keju,Ordered on 15 August 2023,0,Buruk,,
1701446020-176,https://gofood.co.id/en/surabaya/restaurant/mie-gacoan-genteng-f49fb30b-5b97-41b6-b66c-924da5d72fba/reviews,pangsitnya isiannya lebih ke tahu,4.0,Siomay - Mie Gacoan lv 0,Ordered on 15 August 2023,0,Buruk,,
1701446020-177,https://gofood.co.id/en/surabaya/restaurant/mie-gacoan-genteng-f49fb30b-5b97-41b6-b66c-924da5d72fba/reviews,Rasa Mie Hompimpa Level 2 Hambar🤢,2.0,Mie Suit - Mie Hompimpa lv 1 - Udang Keju,Ordered on 14 August 2023,0,Buruk,,
1701446020-178,https://gofood.co.id/en/surabaya/restaurant/mie-gacoan-genteng-f49fb30b-5b97-41b6-b66c-924da5d72fba/reviews,minta tambah saus sachet aja ngk dikasih.padahal beli banyak,3.0,Mie Gacoan lv 0 - Mie Gacoan lv 1 - Udang Rambutan - Udang Keju,Ordered on 13 August 2023,0,Buruk,,
1701446020-179,https://gofood.co.id/en/surabaya/restaurant/mie-gacoan-genteng-f49fb30b-5b97-41b6-b66c-924da5d72fba/reviews,ga pernah ngecewain😍👍💘,5.0,Mie Gacoan lv 1,Ordered on 13 August 2023,1,Baik,,
1701446020-180,https://gofood.co.id/en/surabaya/restaurant/mie-gacoan-genteng-f49fb30b-5b97-41b6-b66c-924da5d72fba/reviews,terimakasih pak 🙏,5.0,Mie Gacoan lv 4 - Udang Rambutan - Udang Keju - Mie Gacoan lv 1 - Lumpia Udang,Ordered on 13 August 2023,5,Buruk,,
1701446020-181,https://gofood.co.id/en/surabaya/restaurant/mie-gacoan-genteng-f49fb30b-5b97-41b6-b66c-924da5d72fba/reviews,"ga tau kenapa, mie nya ga manis sama sekali. terus entah emg kemasannya yg lbh besar atau emg posrsinya berubah? porsinya kok sedikit? tapi untuj dimsum, masih oke sih. masih panas juga. tolong ditingkatkan ya. sudah sering beli, tapi tiap beli, rasanya berubah2.",3.0,Mie Gacoan lv 3 - Udang Keju - Pangsit,Ordered on 12 August 2023,0,Buruk,,
1701446020-182,https://gofood.co.id/en/surabaya/restaurant/mie-gacoan-genteng-f49fb30b-5b97-41b6-b66c-924da5d72fba/reviews,"normal, cuman untuk kecepatan penyajian itu lama",4.0,Mie Gacoan lv 0 - Udang Keju,Ordered on 6 August 2023,0,Buruk,,
1701446020-183,https://gofood.co.id/en/surabaya/restaurant/mie-gacoan-genteng-f49fb30b-5b97-41b6-b66c-924da5d72fba/reviews,minta tambah saos gk pernh dikasih.soalnya saos nya 1 gk cukup isi nya duwikit puoll,1.0,Mie Gacoan lv 3 - Udang Rambutan - Lumpia Udang - Udang Keju,Ordered on 11 August 2023,0,Buruk,,
1701446020-184,https://gofood.co.id/en/surabaya/restaurant/mie-gacoan-genteng-f49fb30b-5b97-41b6-b66c-924da5d72fba/reviews,ok ok ok ok olk,3.0,Mie Gacoan lv 1 - Mie Gacoan lv 4 - Pangsit,Ordered on 8 August 2023,1,Baik,,
1701446020-185,https://gofood.co.id/en/surabaya/restaurant/mie-gacoan-genteng-f49fb30b-5b97-41b6-b66c-924da5d72fba/reviews,rasa makanan yg pas dan sesuai level pesanan😀👌,5.0,Mie Gacoan lv 0,Ordered on 11 August 2023,1,Baik,,
1701446020-186,https://gofood.co.id/en/surabaya/restaurant/mie-gacoan-genteng-f49fb30b-5b97-41b6-b66c-924da5d72fba/reviews,"Mantap , sesuai keinginan perut yg lgi lapar. Terima kasih buat restorannya.sukses slelalu dan makin berkembang",5.0,Mie Gacoan lv 1 - Mie Gacoan lv 2,Ordered on 10 August 2023,1,Baik,,
1701446020-187,https://gofood.co.id/en/surabaya/restaurant/mie-gacoan-genteng-f49fb30b-5b97-41b6-b66c-924da5d72fba/reviews,"Yg paling Utama kemasan Packing ny kenapa masih Pake Foam Ya , Bukanny Udh Ganti Kemasan yg lebih higienis ya , kemasan yg masih SGT minus bagi saya . skrg juga porsi lebih sedikit ya Dr biasa nya ya tekstur Mie juga lebih tipis .",3.0,Mie Gacoan lv 1 - Udang Keju - Mie Gacoan lv 0,Ordered on 8 August 2023,0,Buruk,,
1701446020-188,https://gofood.co.id/en/surabaya/restaurant/mie-gacoan-genteng-f49fb30b-5b97-41b6-b66c-924da5d72fba/reviews,sip tingkat kan teruz,5.0,Mie Suit - Mie Gacoan lv 4 - Udang Keju - Mie Gacoan lv 0 - Es Sluku Bathok - Es Petak Umpet,Ordered on 8 August 2023,1,Baik,,
1701446020-189,https://gofood.co.id/en/surabaya/restaurant/mie-gacoan-genteng-f49fb30b-5b97-41b6-b66c-924da5d72fba/reviews,Manchaaapp bonooorr,5.0,Mie Gacoan lv 1 - Mie Suit - Udang Keju - Paket Gacoan B,Ordered on 8 August 2023,1,Baik,,
1701446020-190,https://gofood.co.id/en/surabaya/restaurant/mie-gacoan-genteng-f49fb30b-5b97-41b6-b66c-924da5d72fba/reviews,"Enak banget, rawr🤭",5.0,Mie Suit - Udang Keju,Ordered on 3 August 2023,1,Baik,,
1701446020-191,https://gofood.co.id/en/surabaya/restaurant/mie-gacoan-genteng-f49fb30b-5b97-41b6-b66c-924da5d72fba/reviews,pengiriman nya cepet banget,5.0,Mie Gacoan lv 4,Ordered on 6 August 2023,1,Baik,,
1701446020-192,https://gofood.co.id/en/surabaya/restaurant/mie-gacoan-genteng-f49fb30b-5b97-41b6-b66c-924da5d72fba/reviews,Terimakasih!! rasanya saaaangaaat enaaaak,5.0,Mie Gacoan lv 0 - Udang Keju,Ordered on 6 August 2023,1,Baik,,
1701446020-193,https://gofood.co.id/en/surabaya/restaurant/mie-gacoan-genteng-f49fb30b-5b97-41b6-b66c-924da5d72fba/reviews,saran: untuk pengemasan diganti dengan bahan kertas,4.0,Mie Gacoan lv 1 - Mie Gacoan lv 4 - Udang Keju - Lumpia Udang,Ordered on 6 August 2023,0,Buruk,,
1701446020-194,https://gofood.co.id/en/surabaya/restaurant/mie-gacoan-genteng-f49fb30b-5b97-41b6-b66c-924da5d72fba/reviews,sauss nya kurang,1.0,Mie Gacoan lv 4 - Siomay - Udang Rambutan - Es Teklek,Ordered on 7 June 2023,0,Buruk,,
1701446020-195,https://gofood.co.id/en/surabaya/restaurant/mie-gacoan-genteng-f49fb30b-5b97-41b6-b66c-924da5d72fba/reviews,Enak koq 🥸🥸🥸🥸🥸🥸🥸🥸🥸🥸🥸🥸🥸🥸,5.0,Mie Gacoan lv 1 - Mie Gacoan lv 0,Ordered on 5 August 2023,1,Baik,,
1701446020-196,https://gofood.co.id/en/surabaya/restaurant/mie-gacoan-genteng-f49fb30b-5b97-41b6-b66c-924da5d72fba/reviews,mantep makanannya kenyang.,5.0,Pangsit - Mie Gacoan lv 0 - Mie Gacoan lv 1,Ordered on 5 August 2023,1,Baik,,
1701446020-197,https://gofood.co.id/en/surabaya/restaurant/mie-gacoan-genteng-f49fb30b-5b97-41b6-b66c-924da5d72fba/reviews,"tolong ya kak, diperhatikan lagi levelnya. masak ini pesan lv 4 malah gaada cabenya sama sekali kayak lv 0 terimakasih",4.0,Mie Gacoan lv 4 - Mie Gacoan lv 3,Ordered on 5 August 2023,0,Buruk,,
1701446020-198,https://gofood.co.id/en/surabaya/restaurant/mie-gacoan-genteng-f49fb30b-5b97-41b6-b66c-924da5d72fba/reviews,sat set sat set mantep. sangat menolong saat lapar tengah malam,5.0,Mie Gacoan lv 2 - Siomay - Orange,Ordered on 5 August 2023,1,Baik,,
1701446020-199,https://gofood.co.id/en/surabaya/restaurant/mie-gacoan-genteng-f49fb30b-5b97-41b6-b66c-924da5d72fba/reviews,mantaap enak memuaskan,5.0,Mie Gacoan lv 0 - Mie Gacoan lv 1,Ordered on 4 August 2023,1,Baik,,
1701446020-200,https://gofood.co.id/en/surabaya/restaurant/mie-gacoan-genteng-f49fb30b-5b97-41b6-b66c-924da5d72fba/reviews,seperti biasaa mantaap,5.0,Udang Keju - Mie Gacoan lv 0,Ordered on 4 August 2023,1,Baik,,
1701446020-201,https://gofood.co.id/en/surabaya/restaurant/mie-gacoan-genteng-f49fb30b-5b97-41b6-b66c-924da5d72fba/reviews,lama sejam baru sampai,1.0,Mie Hompimpa lv 1 - Mie Gacoan lv 1,Ordered on 4 August 2023,0,Buruk,,
1701446020-202,https://gofood.co.id/en/surabaya/restaurant/mie-gacoan-genteng-f49fb30b-5b97-41b6-b66c-924da5d72fba/reviews,Kenapa kalau pesen malam selalu lebih pedas dari biasanya mohon lebih diperhatikan lagi ya kak,3.0,Mie Gacoan lv 1 - Pangsit,Ordered on 3 August 2023,0,Buruk,,
1701446020-203,https://gofood.co.id/en/surabaya/restaurant/mie-gacoan-genteng-f49fb30b-5b97-41b6-b66c-924da5d72fba/reviews,"Sy sdh beberapa kalo pesen lv 0 tp didalam mi nya masih ada sambel, harusnya kan manis dan ga pedes sama sekali. Ni pesen 2 jg sama ad sambelnya semua . Apa bikinnya ngasal aja ini ? Yg makan jg anak2 jd sy harus beli makan lg buat mrk",3.0,Mie Gacoan lv 1 - Mie Gacoan lv 0 - Udang Rambutan - Lumpia Udang,Ordered on 3 August 2023,0,Buruk,,
1701446020-204,https://gofood.co.id/en/surabaya/restaurant/mie-gacoan-genteng-f49fb30b-5b97-41b6-b66c-924da5d72fba/reviews,paling mantap pertahakan rasanya saya suka bawang nya pol gk pelit,5.0,Mie Gacoan lv 0 - Mie Gacoan lv 1 - Mie Gacoan lv 8 - Siomay,Ordered on 1 August 2023,1,Baik,,
1701446020-205,https://gofood.co.id/en/surabaya/restaurant/mie-gacoan-genteng-f49fb30b-5b97-41b6-b66c-924da5d72fba/reviews,bumbunya terlalu sedikit,4.0,Mie Hompimpa lv 2 - Mie Gacoan lv 3 - Teh - Udang Rambutan,Ordered on 3 August 2023,0,Buruk,,
1701446020-206,https://gofood.co.id/en/surabaya/restaurant/mie-gacoan-genteng-f49fb30b-5b97-41b6-b66c-924da5d72fba/reviews,"kok sekarang bubuk ayamnya sedikit banget .. sampek ga kerasa kalo dimakan... tolong deh , jangan diulangi",3.0,Mie Gacoan lv 0 - Lumpia Udang - Udang Rambutan - Siomay,Ordered on 31 July 2023,0,Buruk,,
1701446020-207,https://gofood.co.id/en/surabaya/restaurant/mie-gacoan-genteng-f49fb30b-5b97-41b6-b66c-924da5d72fba/reviews,"pesenan yg kali ini enak bgt. mienya ga kelembekan, udang keju sama udang rambutannya pun mateng sampe dalem. rasa mie nya kali ini pun sedep. kecap maupun sambelnya. yg paling krusial, udang2nya ga gosong. suka bgt. pertahanin kayak gini terus ya ❤❤",5.0,Udang Keju - Udang Rambutan - Mie Gacoan lv 2,Ordered on 2 August 2023,1,Baik,,
1701446020-208,https://gofood.co.id/en/surabaya/restaurant/mie-gacoan-genteng-f49fb30b-5b97-41b6-b66c-924da5d72fba/reviews,enak banget kok,5.0,Siomay - Udang Keju - Mie Gacoan lv 8 - Mie Gacoan lv 1 - Lumpia Udang,Ordered on 2 August 2023,1,Baik,,
1701446020-209,https://gofood.co.id/en/surabaya/restaurant/mie-gacoan-genteng-f49fb30b-5b97-41b6-b66c-924da5d72fba/reviews,Recomanded pilihan semua,5.0,Udang Keju - Udang Rambutan - Lumpia Udang,Ordered on 1 August 2023,1,Baik,,
1701446020-210,https://gofood.co.id/en/surabaya/restaurant/mie-gacoan-genteng-f49fb30b-5b97-41b6-b66c-924da5d72fba/reviews,pesen mie gacoan tp yg dateng mie hompimpa,3.0,Mie Gacoan lv 3 - Udang Keju,Ordered on 2 August 2023,0,Buruk,,
1701446020-211,https://gofood.co.id/en/surabaya/restaurant/mie-gacoan-genteng-f49fb30b-5b97-41b6-b66c-924da5d72fba/reviews,mantap enak oke,5.0,Mie Gacoan lv 0 - Mie Gacoan lv 6 - Siomay,Ordered on 1 August 2023,1,Baik,,
1701446020-212,https://gofood.co.id/en/surabaya/restaurant/mie-gacoan-genteng-f49fb30b-5b97-41b6-b66c-924da5d72fba/reviews,mantabb.... Josssas,5.0,Mie Suit - Lumpia Udang - Siomay,Ordered on 1 August 2023,1,Baik,,
1701446020-213,https://gofood.co.id/en/surabaya/restaurant/mie-gacoan-genteng-f49fb30b-5b97-41b6-b66c-924da5d72fba/reviews,Terima kasih makanannya enak😄,5.0,Mie Gacoan lv 0,Ordered on 1 August 2023,1,Baik,,
1701446020-214,https://gofood.co.id/en/surabaya/restaurant/mie-gacoan-genteng-f49fb30b-5b97-41b6-b66c-924da5d72fba/reviews,Agak manis sedikit,5.0,Mie Gacoan lv 1 - Mie Gacoan lv 6 - Udang Keju - Udang Rambutan,Ordered on 1 August 2023,0,Buruk,,
1701446020-215,https://gofood.co.id/en/surabaya/restaurant/mie-gacoan-genteng-f49fb30b-5b97-41b6-b66c-924da5d72fba/reviews,gojekx sangat ramah,5.0,Mie Gacoan lv 0 - Udang Keju,Ordered on 31 July 2023,5,Buruk,,
1701446020-216,https://gofood.co.id/en/surabaya/restaurant/mie-gacoan-genteng-f49fb30b-5b97-41b6-b66c-924da5d72fba/reviews,LVL 0 AJA MANTULLL,5.0,Udang Keju - Mie Gacoan lv 0,Ordered on 30 July 2023,1,Baik,,
1701446020-217,https://gofood.co.id/en/surabaya/restaurant/mie-gacoan-genteng-f49fb30b-5b97-41b6-b66c-924da5d72fba/reviews,josssss jos joss,5.0,Udang Keju - Siomay - Udang Rambutan - Mie Gacoan lv 3 - Mie Gacoan lv 6 - Teh Tarik - Es Teklek,Ordered on 30 July 2023,1,Baik,,
1701446020-218,https://gofood.co.id/en/surabaya/restaurant/mie-gacoan-genteng-f49fb30b-5b97-41b6-b66c-924da5d72fba/reviews,"pesen thaitea yg dateng kopi, mie uda dingin dari dateng",2.0,Mie Gacoan lv 0 - Vanila Latte,Ordered on 29 July 2023,0,Buruk,,
1701446020-219,https://gofood.co.id/en/surabaya/restaurant/mie-gacoan-genteng-f49fb30b-5b97-41b6-b66c-924da5d72fba/reviews,"kalau bisa sebelum diberikan ke kurir sambalnya diaduk rata dulu,karena pas sampai mie nya sudah agak kering jadi sudah tercampur sambalnya",3.0,Udang Keju - Mie Hompimpa lv 3 - Mie Suit,Ordered on 29 July 2023,0,Buruk,,
1701446020-220,https://gofood.co.id/en/surabaya/restaurant/mie-gacoan-genteng-f49fb30b-5b97-41b6-b66c-924da5d72fba/reviews,"tidak d kasih sumpit,,,di suruh pakai cakar kali ya makannya",1.0,Mie Gacoan lv 0 - Mie Gacoan lv 1 - Udang Rambutan,Ordered on 29 July 2023,0,Buruk,,
1701446020-221,https://gofood.co.id/en/surabaya/restaurant/mie-gacoan-genteng-f49fb30b-5b97-41b6-b66c-924da5d72fba/reviews,Alhamdulillah mksih ya pak bpknya sabar banget 😊,5.0,Mie Gacoan lv 1 - Mie Gacoan lv 3 - Pangsit - Siomay - Udang Rambutan - Lumpia Udang - Udang Keju,Ordered on 29 July 2023,5,Buruk,,
1701446020-222,https://gofood.co.id/en/surabaya/restaurant/mie-gacoan-genteng-f49fb30b-5b97-41b6-b66c-924da5d72fba/reviews,"joss ,mantap, ter thebest...👍👍👍👍👍👍👍👍👍👍👍👍👍👍👍",5.0,Mie Gacoan lv 1 - Siomay - Lumpia Udang,Ordered on 28 July 2023,1,Baik,,
1701446020-223,https://gofood.co.id/en/surabaya/restaurant/mie-gacoan-genteng-f49fb30b-5b97-41b6-b66c-924da5d72fba/reviews,enak makanannya dan porsinya jg lumayan pokoknya puas beli disini❤,5.0,Mie Gacoan lv 0 - Mie Gacoan lv 2 - Mie Gacoan lv 4,Ordered on 28 July 2023,1,Baik,,
1701446020-224,https://gofood.co.id/en/surabaya/restaurant/mie-gacoan-genteng-f49fb30b-5b97-41b6-b66c-924da5d72fba/reviews,Ya allah kak saya pesen level 1 tapi kayak level 4😭🤲 paginya langsung m******,3.0,Mie Gacoan lv 1 - Udang Keju,Ordered on 27 July 2023,0,Buruk,,
1701446020-225,https://gofood.co.id/en/surabaya/restaurant/mie-gacoan-genteng-f49fb30b-5b97-41b6-b66c-924da5d72fba/reviews,"Mantap , terima kasih.",5.0,Mie Gacoan lv 1 - Mie Gacoan lv 0,Ordered on 26 July 2023,1,Baik,,
1701446020-226,https://gofood.co.id/en/surabaya/restaurant/mie-gacoan-genteng-f49fb30b-5b97-41b6-b66c-924da5d72fba/reviews,"Salah ngasih angka cabe, aslinya level 3 ditulis level 1",5.0,Mie Gacoan lv 1 - Udang Rambutan - Mie Gacoan lv 3,Ordered on 25 July 2023,0,Buruk,,
1701446020-227,https://gofood.co.id/en/surabaya/restaurant/mie-gacoan-genteng-f49fb30b-5b97-41b6-b66c-924da5d72fba/reviews,"rasanya dominan hambar gk kyk biasanya, topping di ganti tanpa ada persetujuan pembeli, its okay klo saya pribadi. Tpi lebih baik lain kali di tanyakan dulu siapa tau ada pembeli yg kurang setuju dengan pengganti tersebut.",4.0,Mie Gacoan lv 2 - Siomay,Ordered on 25 July 2023,0,Buruk,,
1701446020-228,https://gofood.co.id/en/surabaya/restaurant/mie-gacoan-genteng-f49fb30b-5b97-41b6-b66c-924da5d72fba/reviews,suka bget sama rasa mie nya,5.0,Mie Gacoan lv 0 - Mie Gacoan lv 4,Ordered on 25 July 2023,1,Baik,,
1701446020-229,https://gofood.co.id/en/surabaya/restaurant/mie-gacoan-genteng-f49fb30b-5b97-41b6-b66c-924da5d72fba/reviews,Enakkkkk banget. Juaraaaaak!,5.0,Siomay - Lumpia Udang - Mie Hompimpa lv 2,Ordered on 25 July 2023,1,Baik,,
1701446020-230,https://gofood.co.id/en/surabaya/restaurant/mie-gacoan-genteng-f49fb30b-5b97-41b6-b66c-924da5d72fba/reviews,enak mantap sedap,5.0,Mie Gacoan lv 1 - Mie Gacoan lv 2 - Siomay - Udang Rambutan,Ordered on 25 July 2023,1,Baik,,
1701446020-231,https://gofood.co.id/en/surabaya/restaurant/mie-gacoan-genteng-f49fb30b-5b97-41b6-b66c-924da5d72fba/reviews,sekarang mie nya kayak terlalu matang jadi kurang enak,4.0,Mie Gacoan lv 0 - Udang Keju,Ordered on 25 July 2023,0,Buruk,,
1701446020-232,https://gofood.co.id/en/surabaya/restaurant/mie-gacoan-genteng-f49fb30b-5b97-41b6-b66c-924da5d72fba/reviews,mienya gk fresh.. kering,2.0,Mie Gacoan lv 0 - Mie Gacoan lv 1 - Mie Hompimpa lv 1,Ordered on 24 July 2023,0,Buruk,,
1701446020-233,https://gofood.co.id/en/surabaya/restaurant/mie-gacoan-genteng-f49fb30b-5b97-41b6-b66c-924da5d72fba/reviews,recom utk udang rambutannya,5.0,Mie Hompimpa lv 4 - Udang Rambutan,Ordered on 24 July 2023,1,Baik,,
1701446020-234,https://gofood.co.id/en/surabaya/restaurant/mie-gacoan-genteng-f49fb30b-5b97-41b6-b66c-924da5d72fba/reviews,lupa alat makannya hehe,5.0,Paket Gacoan A,Ordered on 24 July 2023,0,Buruk,,
1701446020-235,https://gofood.co.id/en/surabaya/restaurant/mie-gacoan-genteng-f49fb30b-5b97-41b6-b66c-924da5d72fba/reviews,rasax enak poll ok mantap😘😘,5.0,Mie Gacoan lv 0,Ordered on 23 July 2023,1,Baik,,
1701446020-236,https://gofood.co.id/en/surabaya/restaurant/mie-gacoan-genteng-f49fb30b-5b97-41b6-b66c-924da5d72fba/reviews,enak banget rekomendasi banget,5.0,Udang Keju - Es Gobak Sodor - Es Coklat,Ordered on 23 July 2023,1,Baik,,
1701446020-237,https://gofood.co.id/en/surabaya/restaurant/mie-gacoan-genteng-f49fb30b-5b97-41b6-b66c-924da5d72fba/reviews,good food recomend,5.0,Mie Gacoan lv 1 - Mie Gacoan lv 3 - Mie Suit - Udang Keju - Udang Rambutan - Siomay,Ordered on 19 July 2023,1,Baik,,
1701446020-238,https://gofood.co.id/en/surabaya/restaurant/mie-gacoan-genteng-f49fb30b-5b97-41b6-b66c-924da5d72fba/reviews,enak (aku makan sendirian dan aku ryan gosling) (nyata) (aku cinta indonesia),5.0,Mie Suit,Ordered on 23 July 2023,1,Baik,,
1701446020-239,https://gofood.co.id/en/surabaya/restaurant/mie-gacoan-genteng-f49fb30b-5b97-41b6-b66c-924da5d72fba/reviews,enak bgt udang kejunya. tapi sayang cuma isi 3,5.0,Udang Keju - Mie Gacoan lv 1,Ordered on 20 July 2023,1,Baik,,
1701446020-240,https://gofood.co.id/en/surabaya/restaurant/mie-gacoan-genteng-f49fb30b-5b97-41b6-b66c-924da5d72fba/reviews,porsinya kurang heheh,3.0,Mie Gacoan lv 2 - Lemon Tea - Teh - Siomay,Ordered on 21 July 2023,0,Buruk,,
1701446020-241,https://gofood.co.id/en/surabaya/restaurant/mie-gacoan-genteng-f49fb30b-5b97-41b6-b66c-924da5d72fba/reviews,makasih sudah sampai makanannya semoga enak,5.0,Mie Gacoan lv 1 - Udang Keju,Ordered on 20 July 2023,1,Baik,,
1701446020-242,https://gofood.co.id/en/surabaya/restaurant/mie-gacoan-genteng-f49fb30b-5b97-41b6-b66c-924da5d72fba/reviews,"enak rasanya cuma lv 1 pedes banget yaa hehe lv 0 enak harusnya,bola rambutan agak keras dikit saja kok lainnya aman",4.0,Teh - Udang Keju - Udang Rambutan - Mie Gacoan lv 1,Ordered on 4 July 2023,0,Buruk,,
1701446020-243,https://gofood.co.id/en/surabaya/restaurant/mie-gacoan-genteng-f49fb30b-5b97-41b6-b66c-924da5d72fba/reviews,"gak pernah diragukan lagi, mantep, pedesnya pas 👍",5.0,Mie Gacoan lv 1,Ordered on 20 July 2023,1,Baik,,
1701446020-244,https://gofood.co.id/en/surabaya/restaurant/mie-gacoan-genteng-f49fb30b-5b97-41b6-b66c-924da5d72fba/reviews,Tq … suka dengan promox mantep dech,5.0,Paket Hompimpa A,Ordered on 19 July 2023,1,Baik,,
1701446020-245,https://gofood.co.id/en/surabaya/restaurant/mie-gacoan-genteng-f49fb30b-5b97-41b6-b66c-924da5d72fba/reviews,pedesnya berkurang,4.0,Mie Gacoan lv 3,Ordered on 18 July 2023,0,Buruk,,
1701446020-246,https://gofood.co.id/en/surabaya/restaurant/mie-gacoan-genteng-f49fb30b-5b97-41b6-b66c-924da5d72fba/reviews,pesen yang gak pakek es malah dikasi es minta alat makan malah gak dikasi,3.0,Mie Gacoan lv 2 - Mie Gacoan lv 4 - Teh Tarik - Thai Green Tea - Pangsit,Ordered on 18 July 2023,0,Buruk,,
1701446020-247,https://gofood.co.id/en/surabaya/restaurant/mie-gacoan-genteng-f49fb30b-5b97-41b6-b66c-924da5d72fba/reviews,gaada sumpit nya gmn makannya,1.0,Mie Gacoan lv 0,Ordered on 18 July 2023,0,Buruk,,
1701446020-248,https://gofood.co.id/en/surabaya/restaurant/mie-gacoan-genteng-f49fb30b-5b97-41b6-b66c-924da5d72fba/reviews,"Level 4 berasa level 1,, pesen nya udang rambutan 2 yg dateng udang keju.. tidak di kasih sedotan😡",3.0,Mie Hompimpa lv 4 - Mie Gacoan lv 0 - Air Mineral - Udang Keju - Udang Rambutan - Siomay - Thai Green Tea - Thai Tea Ori - Lumpia Udang,Ordered on 17 July 2023,0,Buruk,,
1701446020-249,https://gofood.co.id/en/surabaya/restaurant/mie-gacoan-genteng-f49fb30b-5b97-41b6-b66c-924da5d72fba/reviews,TERIMKASIH BAIK LANCAR SELALU REZEKINYA,5.0,Mie Gacoan lv 1 - Mie Gacoan lv 2 - Udang Rambutan - Pangsit,Ordered on 17 July 2023,1,Baik,,
1701446020-250,https://gofood.co.id/en/surabaya/restaurant/mie-gacoan-genteng-f49fb30b-5b97-41b6-b66c-924da5d72fba/reviews,kali ini bumbunya pas manis asin gurih nya👍🏻,5.0,Mie Gacoan lv 1 - Mie Gacoan lv 3 - Udang Keju - Udang Rambutan,Ordered on 17 July 2023,1,Baik,,
1701446020-251,https://gofood.co.id/en/surabaya/restaurant/mie-gacoan-genteng-f49fb30b-5b97-41b6-b66c-924da5d72fba/reviews,ya gitu dech..... ciamiiiiiikkk...,5.0,Mie Hompimpa lv 1,Ordered on 16 July 2023,1,Baik,,
1701446020-252,https://gofood.co.id/en/surabaya/restaurant/mie-gacoan-genteng-f49fb30b-5b97-41b6-b66c-924da5d72fba/reviews,uenakpolllllllllllllllllllllll,5.0,Mie Gacoan lv 3,Ordered on 15 July 2023,1,Baik,,
1701446020-253,https://gofood.co.id/en/surabaya/restaurant/mie-gacoan-genteng-f49fb30b-5b97-41b6-b66c-924da5d72fba/reviews,enak pas pedasnya,5.0,Mie Gacoan lv 1 - Mie Hompimpa lv 1 - Siomay - Udang Keju - Lumpia Udang,Ordered on 10 July 2023,1,Baik,,
1701446020-254,https://gofood.co.id/en/surabaya/restaurant/mie-gacoan-genteng-f49fb30b-5b97-41b6-b66c-924da5d72fba/reviews,"tiap kali beli yg level 0 masih selalu ada rasa pedasnya, apa krn alat yg buat bikin mie tercampur sm pedas. krn ini yg makan anak2 jdi kepedesan",4.0,Mie Gacoan lv 0 - Udang Keju,Ordered on 15 July 2023,0,Buruk,,
1701446020-255,https://gofood.co.id/en/surabaya/restaurant/mie-gacoan-genteng-f49fb30b-5b97-41b6-b66c-924da5d72fba/reviews,Pesen level 0 tapi masih kerasa pedesnya.. tlg lbh professional lg y.,3.0,Mie Suit - Mie Gacoan lv 0 - Mie Gacoan lv 1 - Orange,Ordered on 15 July 2023,0,Buruk,,
1701446020-256,https://gofood.co.id/en/surabaya/restaurant/mie-gacoan-genteng-f49fb30b-5b97-41b6-b66c-924da5d72fba/reviews,salah level jadinya pedes banget kayak level 3,3.0,Paket Gacoan A - Lumpia Udang,Ordered on 15 July 2023,0,Buruk,,
1701446020-257,https://gofood.co.id/en/surabaya/restaurant/mie-gacoan-genteng-f49fb30b-5b97-41b6-b66c-924da5d72fba/reviews,Pesanane onok sing kuwalik koyoke... Saya pesan level 1 dikasih level 2😅... Untung ga jauh beda pesanan nya. Namun perlu diperhatikan kembali ketepatan nya👌,3.0,Mie Suit - Mie Hompimpa lv 1,Ordered on 15 July 2023,0,Buruk,,
1701446020-258,https://gofood.co.id/en/surabaya/restaurant/mie-gacoan-genteng-f49fb30b-5b97-41b6-b66c-924da5d72fba/reviews,enak banget pedes pollll,5.0,Mie Gacoan lv 6 - Mie Gacoan lv 1,Ordered on 14 July 2023,1,Baik,,
1701446020-259,https://gofood.co.id/en/surabaya/restaurant/mie-gacoan-genteng-f49fb30b-5b97-41b6-b66c-924da5d72fba/reviews,sesuai dengan harga,5.0,Mie Gacoan lv 2 - Mie Gacoan lv 1 - Mie Gacoan lv 0,Ordered on 12 July 2023,1,Baik,,
1701446020-260,https://gofood.co.id/en/surabaya/restaurant/mie-gacoan-genteng-f49fb30b-5b97-41b6-b66c-924da5d72fba/reviews,terimakasih enakkkkk rasanyaa,5.0,Mie Gacoan lv 1 - Mie Gacoan lv 2 - Udang Keju,Ordered on 13 July 2023,1,Baik,,
1701446020-261,https://gofood.co.id/en/surabaya/restaurant/mie-gacoan-genteng-f49fb30b-5b97-41b6-b66c-924da5d72fba/reviews,"luar biasa rekomen dah, saya suka pedas dan ini mantap",5.0,Mie Hompimpa lv 6 - Udang Keju,Ordered on 13 July 2023,1,Baik,,
1701446020-262,https://gofood.co.id/en/surabaya/restaurant/mie-gacoan-genteng-f49fb30b-5b97-41b6-b66c-924da5d72fba/reviews,salah kasih pesanan bang plisss,1.0,Mie Gacoan lv 1 - Udang Rambutan - Pangsit,Ordered on 13 July 2023,0,Buruk,,
1701446020-263,https://gofood.co.id/en/surabaya/restaurant/mie-gacoan-genteng-f49fb30b-5b97-41b6-b66c-924da5d72fba/reviews,pertahankan rasa dan porsi ya .,4.0,Mie Hompimpa lv 1 - Mie Suit - Mie Hompimpa lv 2 - Es Coklat,Ordered on 12 July 2023,1,Baik,,
1701446020-264,https://gofood.co.id/en/surabaya/restaurant/mie-gacoan-genteng-f49fb30b-5b97-41b6-b66c-924da5d72fba/reviews,smua nya bagus enk mantap suka bgt semoga menjadi berkah barokah,5.0,Mie Gacoan lv 2,Ordered on 1 July 2023,1,Baik,,
1701446020-265,https://gofood.co.id/en/surabaya/restaurant/mie-gacoan-genteng-f49fb30b-5b97-41b6-b66c-924da5d72fba/reviews,masak nya lama sekali. kotak sterofom nya berminyak semua kotor sekali. alas kotak saya kasi tissue aja langsung jadi kotor tissue nya. abis makan sakit perut mencret2. itu pasti dapur berantakan.,1.0,Mie Gacoan lv 0 - Siomay,Ordered on 12 July 2023,0,Buruk,,
1701446020-266,https://gofood.co.id/en/surabaya/restaurant/mie-gacoan-genteng-f49fb30b-5b97-41b6-b66c-924da5d72fba/reviews,paling joss pokoknya,5.0,Mie Gacoan lv 8 - Teh,Ordered on 12 July 2023,1,Baik,,
1701446020-267,https://gofood.co.id/en/surabaya/restaurant/mie-gacoan-genteng-f49fb30b-5b97-41b6-b66c-924da5d72fba/reviews,kenapa tulisan nya gak pake spidol taw pulpen biar jelas jadi ketuker tuker levelnya tolong di perbaikin lagi agar jelas tulisan di seterovomnua,3.0,Mie Hompimpa lv 3 - Udang Keju - Lumpia Udang - Siomay,Ordered on 9 July 2023,0,Buruk,,
1701446020-268,https://gofood.co.id/en/surabaya/restaurant/mie-gacoan-genteng-f49fb30b-5b97-41b6-b66c-924da5d72fba/reviews,mantul pedas gaeesss 😂👍,5.0,Mie Gacoan lv 1 - Mie Gacoan lv 4 - Mie Gacoan lv 0,Ordered on 11 July 2023,1,Baik,,
1701446020-269,https://gofood.co.id/en/surabaya/restaurant/mie-gacoan-genteng-f49fb30b-5b97-41b6-b66c-924da5d72fba/reviews,mantapppppppppppppppppppppppppppppppppppp,5.0,Mie Gacoan lv 2 - Siomay,Ordered on 11 July 2023,1,Baik,,
1701446020-270,https://gofood.co.id/en/surabaya/restaurant/mie-gacoan-genteng-f49fb30b-5b97-41b6-b66c-924da5d72fba/reviews,"enak, cm sayang tidak bisa request cabenya 1 saja",5.0,Mie Gacoan lv 0 - Mie Gacoan lv 1 - Siomay,Ordered on 10 July 2023,0,Buruk,,
1701446020-271,https://gofood.co.id/en/surabaya/restaurant/mie-gacoan-genteng-f49fb30b-5b97-41b6-b66c-924da5d72fba/reviews,"level 1 pedesnya kayak level 2, level 2 kyk level 3",4.0,Mie Gacoan lv 1 - Udang Keju - Mie Gacoan lv 2,Ordered on 10 July 2023,0,Buruk,,
1701446020-272,https://gofood.co.id/en/surabaya/restaurant/mie-gacoan-genteng-f49fb30b-5b97-41b6-b66c-924da5d72fba/reviews,mantap👍 sangat menikmati nya,5.0,Mie Gacoan lv 2 - Siomay - Mie Gacoan lv 3 - Mie Gacoan lv 4,Ordered on 9 July 2023,1,Baik,,
1701446020-273,https://gofood.co.id/en/surabaya/restaurant/mie-gacoan-genteng-f49fb30b-5b97-41b6-b66c-924da5d72fba/reviews,tekstur mienya ada yang masih mentah,1.0,Udang Keju - Mie Hompimpa lv 4,Ordered on 9 July 2023,0,Buruk,,
1701446020-274,https://gofood.co.id/en/surabaya/restaurant/mie-gacoan-genteng-f49fb30b-5b97-41b6-b66c-924da5d72fba/reviews,terimakasihh enak,5.0,Mie Gacoan lv 0 - Mie Gacoan lv 2 - Udang Keju,Ordered on 6 July 2023,1,Baik,,
1701446020-275,https://gofood.co.id/en/surabaya/restaurant/mie-gacoan-genteng-f49fb30b-5b97-41b6-b66c-924da5d72fba/reviews,"keju nya makin dikit ga kek dulu, skrg kaya kopong keju nya pinggiran doang.",2.0,Mie Gacoan lv 3 - Udang Keju,Ordered on 6 July 2023,0,Buruk,,
1701446020-276,https://gofood.co.id/en/surabaya/restaurant/mie-gacoan-genteng-f49fb30b-5b97-41b6-b66c-924da5d72fba/reviews,pesen level 0 buat anak kecil malah yg datang pedes ada cabenya jadi gak jadi makan anak saya .. sudah ke sekian kali pesen n chat jangan pedes malah ttp aja,1.0,Mie Gacoan lv 0 - Mie Gacoan lv 2,Ordered on 8 July 2023,0,Buruk,,
1701446020-277,https://gofood.co.id/en/surabaya/restaurant/mie-gacoan-genteng-f49fb30b-5b97-41b6-b66c-924da5d72fba/reviews,"Mantappp, terima kasih Mas 👍👍🙏🙏",5.0,Siomay - Udang Rambutan - Udang Keju - Lemon Tea,Ordered on 4 July 2023,1,Baik,,
1701446020-278,https://gofood.co.id/en/surabaya/restaurant/mie-gacoan-genteng-f49fb30b-5b97-41b6-b66c-924da5d72fba/reviews,"pelit saos,, kalo minta tambahan selalu gak respon.. dan g dikasih",4.0,Mie Gacoan lv 1 - Lumpia Udang - Udang Keju - Siomay - Mie Suit,Ordered on 8 July 2023,0,Buruk,,
1701446020-279,https://gofood.co.id/en/surabaya/restaurant/mie-gacoan-genteng-f49fb30b-5b97-41b6-b66c-924da5d72fba/reviews,enak dan completed and recommend,5.0,Mie Suit - Lumpia Udang - Es Gobak Sodor - Teh - Mie Hompimpa lv 1,Ordered on 8 July 2023,1,Baik,,
1701446020-280,https://gofood.co.id/en/surabaya/restaurant/mie-gacoan-genteng-f49fb30b-5b97-41b6-b66c-924da5d72fba/reviews,kemasannya kurang rapi rusak semua kemasannya,3.0,Mie Gacoan lv 2 - Udang Keju - Mie Gacoan lv 0 - Udang Rambutan,Ordered on 8 July 2023,0,Buruk,,
1701446020-281,https://gofood.co.id/en/surabaya/restaurant/mie-gacoan-genteng-f49fb30b-5b97-41b6-b66c-924da5d72fba/reviews,agak kering kecapnya dikit,4.0,Mie Gacoan lv 0 - Teh,Ordered on 7 July 2023,0,Buruk,,
1701446020-282,https://gofood.co.id/en/surabaya/restaurant/mie-gacoan-genteng-f49fb30b-5b97-41b6-b66c-924da5d72fba/reviews,"tingkat pedasnya beda beda, kemarin ga seberapa pedes. ini pedes banget, tolong dijaga ya tingkat kepedasannya. makasih",4.0,Mie Gacoan lv 1 - Mie Gacoan lv 2 - Siomay - Udang Rambutan - Udang Keju,Ordered on 7 July 2023,0,Buruk,,
1701446020-283,https://gofood.co.id/en/surabaya/restaurant/mie-gacoan-genteng-f49fb30b-5b97-41b6-b66c-924da5d72fba/reviews,Aku sangat suka sekali,5.0,Mie Hompimpa lv 2 - Udang Rambutan,Ordered on 7 July 2023,1,Baik,,
1701446020-284,https://gofood.co.id/en/surabaya/restaurant/mie-gacoan-genteng-f49fb30b-5b97-41b6-b66c-924da5d72fba/reviews,mantapp utk pertama kali coba,5.0,Udang Rambutan - Lumpia Udang - Siomay - Mie Gacoan lv 2,Ordered on 6 July 2023,1,Baik,,
1701446020-285,https://gofood.co.id/en/surabaya/restaurant/mie-gacoan-genteng-f49fb30b-5b97-41b6-b66c-924da5d72fba/reviews,cabenya gk rata masih ada dibawah,3.0,Mie Hompimpa lv 3 - Mie Gacoan lv 1,Ordered on 5 July 2023,0,Buruk,,
1701446020-286,https://gofood.co.id/en/surabaya/restaurant/mie-gacoan-genteng-f49fb30b-5b97-41b6-b66c-924da5d72fba/reviews,SAYA ORDER 3 ITEM YG DATANG CUMA 2 ITEM BAD KARAKTER SANGAT MENGECEWAKAN,1.0,Mie Gacoan lv 1 - Udang Rambutan - Udang Keju,Ordered on 5 July 2023,0,Buruk,,
1701446020-287,https://gofood.co.id/en/surabaya/restaurant/mie-gacoan-genteng-f49fb30b-5b97-41b6-b66c-924da5d72fba/reviews,"Sialan pegawai nya, saya baru kemarin pesan level 5 lalu sekarang pesan level 1 tetapi tingkat kepedasan nya hampir sama dengan level 5. 🖕🏽🖕🏽🖕🏽",1.0,Mie Gacoan lv 1,Ordered on 5 July 2023,0,Buruk,,
1701446020-288,https://gofood.co.id/en/surabaya/restaurant/mie-gacoan-genteng-f49fb30b-5b97-41b6-b66c-924da5d72fba/reviews,penyampai pesan ldr termantab,5.0,Mie Gacoan lv 2 - Air Mineral - Udang Rambutan - Udang Keju - Siomay,Ordered on 5 July 2023,1,Baik,,
1701446020-289,https://gofood.co.id/en/surabaya/restaurant/mie-gacoan-genteng-f49fb30b-5b97-41b6-b66c-924da5d72fba/reviews,terlalu lama masakannya smpai gk pengen lagi yg mkn,1.0,Mie Hompimpa lv 1 - Mie Suit,Ordered on 5 July 2023,0,Buruk,,
1701446020-290,https://gofood.co.id/en/surabaya/restaurant/mie-gacoan-genteng-f49fb30b-5b97-41b6-b66c-924da5d72fba/reviews,"Semangat kakak"" gacoan",5.0,Mie Gacoan lv 6,Ordered on 4 July 2023,5,Buruk,,
1701446020-291,https://gofood.co.id/en/surabaya/restaurant/mie-gacoan-genteng-f49fb30b-5b97-41b6-b66c-924da5d72fba/reviews,kemasannya kurang kreatif,2.0,Paket Hompimpa A,Ordered on 4 July 2023,0,Buruk,,
1701446020-292,https://gofood.co.id/en/surabaya/restaurant/mie-gacoan-genteng-f49fb30b-5b97-41b6-b66c-924da5d72fba/reviews,lvl 1 kpedesen sih,5.0,Mie Gacoan lv 1 - Es Gobak Sodor - Siomay,Ordered on 1 July 2023,0,Buruk,,
1701446020-293,https://gofood.co.id/en/surabaya/restaurant/mie-gacoan-genteng-f49fb30b-5b97-41b6-b66c-924da5d72fba/reviews,udng kejunya ga ada kejunya,2.0,Mie Hompimpa lv 2 - Mie Gacoan lv 2 - Udang Keju,Ordered on 30 June 2023,0,Buruk,,
1701446020-294,https://gofood.co.id/en/surabaya/restaurant/mie-gacoan-genteng-f49fb30b-5b97-41b6-b66c-924da5d72fba/reviews,"gacoan enak, tapi kenapa level kepedesannya kadang ga sesuai? alias kadang pedes kadang gak, tolong lahhh😭",5.0,Mie Gacoan lv 1,Ordered on 1 July 2023,0,Buruk,,
1701446020-295,https://gofood.co.id/en/surabaya/restaurant/mie-gacoan-genteng-f49fb30b-5b97-41b6-b66c-924da5d72fba/reviews,saya ga dapat sumpit padahal pesen mie gacoan 3 ..jadi pr cari sumpit buat makan,3.0,Mie Gacoan lv 2 - Mie Gacoan lv 1 - Pangsit - Teh,Ordered on 1 July 2023,0,Buruk,,
1701446020-296,https://gofood.co.id/en/surabaya/restaurant/mie-gacoan-genteng-f49fb30b-5b97-41b6-b66c-924da5d72fba/reviews,enaaaaaak sesuai dengan harga.porsi cukup,5.0,Mie Gacoan lv 0 - Udang Rambutan,Ordered on 1 July 2023,1,Baik,,
1701446020-297,https://gofood.co.id/en/surabaya/restaurant/mie-gacoan-genteng-f49fb30b-5b97-41b6-b66c-924da5d72fba/reviews,"Kalau lagi sepi pelanggan sangat lelet dan sering bercanda, kalau masih berjiwa ke kanak kanak an mending kerja jdi guru TK aja",1.0,Mie Gacoan lv 6,Ordered on 1 July 2023,0,Buruk,,
1701446020-298,https://gofood.co.id/en/surabaya/restaurant/mie-gacoan-genteng-f49fb30b-5b97-41b6-b66c-924da5d72fba/reviews,trima kasih kasih,5.0,Mie Gacoan lv 2 - Siomay,Ordered on 30 June 2023,1,Baik,,
1701446020-299,https://gofood.co.id/en/surabaya/restaurant/mie-gacoan-genteng-f49fb30b-5b97-41b6-b66c-924da5d72fba/reviews,Enak banget murah lagi,5.0,Mie Gacoan lv 1 - Mie Suit - Siomay - Mie Hompimpa lv 1 - Mie Gacoan lv 0,Ordered on 27 June 2023,1,Baik,,
1701446020-300,https://gofood.co.id/en/surabaya/restaurant/mie-gacoan-genteng-f49fb30b-5b97-41b6-b66c-924da5d72fba/reviews,"kecewa, minumn yg d kirim g ssuai pesann",3.0,Mie Gacoan lv 1 - Mie Gacoan lv 0 - Mie Gacoan lv 3 - Es Petak Umpet - Udang Rambutan - Udang Keju - Teh - Vanila Latte - Lumpia Udang,Ordered on 29 June 2023,0,Buruk,,
1701446020-301,https://gofood.co.id/en/surabaya/restaurant/mie-gacoan-genteng-f49fb30b-5b97-41b6-b66c-924da5d72fba/reviews,KEPEDESAN AMPE MENCREETT!!,3.0,Mie Gacoan lv 1 - Mie Gacoan lv 3 - Udang Rambutan - Udang Keju - Mie Gacoan lv 0,Ordered on 27 June 2023,0,Buruk,,
1701446020-302,https://gofood.co.id/en/surabaya/restaurant/mie-gacoan-genteng-f49fb30b-5b97-41b6-b66c-924da5d72fba/reviews,.hjkejsiiejdjdi,5.0,Mie Hompimpa lv 1 - Udang Keju - Pangsit,Ordered on 13 May 2023,5,Buruk,,
1701446020-303,https://gofood.co.id/en/surabaya/restaurant/mie-gacoan-genteng-f49fb30b-5b97-41b6-b66c-924da5d72fba/reviews,"mantap abis rasanya, kemasan juga bersih kualitas sangat baik",5.0,Mie Gacoan lv 1 - Lumpia Udang - Udang Rambutan - Mie Gacoan lv 2 - Udang Keju - Pangsit,Ordered on 28 June 2023,1,Baik,,
1701446020-304,https://gofood.co.id/en/surabaya/restaurant/mie-gacoan-genteng-f49fb30b-5b97-41b6-b66c-924da5d72fba/reviews,rasanya beda sama mie gacoan lainnya tapi kog bisa ya 😄,5.0,Mie Hompimpa lv 3 - Es Gobak Sodor,Ordered on 28 June 2023,0,Buruk,,
1701446020-305,https://gofood.co.id/en/surabaya/restaurant/mie-gacoan-genteng-f49fb30b-5b97-41b6-b66c-924da5d72fba/reviews,sayangnya mie nya sekarang tambah dikit ya,5.0,Siomay - Mie Gacoan lv 4 - Udang Keju,Ordered on 28 June 2023,0,Buruk,,
1701446020-306,https://gofood.co.id/en/surabaya/restaurant/mie-gacoan-genteng-f49fb30b-5b97-41b6-b66c-924da5d72fba/reviews,"mienya enak tapi pedasnya level 8 masih kurang nampol, kurang pedas kak, kalau bisa di tambahkan lagi levelnya",5.0,Mie Gacoan lv 8 - Mie Gacoan lv 6 - Teh - Lumpia Udang - Udang Keju - Udang Rambutan - Siomay,Ordered on 27 June 2023,0,Buruk,,
1701446020-307,https://gofood.co.id/en/surabaya/restaurant/mie-gacoan-genteng-f49fb30b-5b97-41b6-b66c-924da5d72fba/reviews,gacoan emang gaada lawan,5.0,Mie Gacoan lv 0 - Udang Rambutan - Udang Keju - Mie Suit,Ordered on 27 June 2023,1,Baik,,
1701446020-308,https://gofood.co.id/en/surabaya/restaurant/mie-gacoan-genteng-f49fb30b-5b97-41b6-b66c-924da5d72fba/reviews,pedes Lv 1 nya tapi enak,5.0,Mie Gacoan lv 0 - Mie Gacoan lv 1,Ordered on 27 June 2023,1,Baik,,
1701446020-309,https://gofood.co.id/en/surabaya/restaurant/mie-gacoan-genteng-f49fb30b-5b97-41b6-b66c-924da5d72fba/reviews,"Lumayan lah, meski porsi ne kurang",4.0,Mie Hompimpa lv 3 - Mie Gacoan lv 0,Ordered on 23 June 2023,0,Buruk,,
1701446020-310,https://gofood.co.id/en/surabaya/restaurant/mie-gacoan-genteng-f49fb30b-5b97-41b6-b66c-924da5d72fba/reviews,"maafkan akuu😘😘enak tp tidak cocok d lidahku huhu, tp gpp sukses slalu mie gacoan,penikmatmu lebih bnyak dari pada yang tidak menyukaimu 💋",3.0,Mie Gacoan lv 1 - Pangsit,Ordered on 27 June 2023,0,Buruk,,
1701446020-311,https://gofood.co.id/en/surabaya/restaurant/mie-gacoan-genteng-f49fb30b-5b97-41b6-b66c-924da5d72fba/reviews,level 1 menggoyang lidah tengah malam *****,5.0,Mie Hompimpa lv 1 - Lemon Tea - Es Sluku Bathok,Ordered on 26 June 2023,1,Baik,,
1701446020-312,https://gofood.co.id/en/surabaya/restaurant/mie-gacoan-genteng-f49fb30b-5b97-41b6-b66c-924da5d72fba/reviews,ak mintak saos 5 tapi di kasih sumpit 5 gpp sudah terlanjur,5.0,Mie Gacoan lv 2 - Pangsit,Ordered on 26 June 2023,0,Buruk,,
1701446020-313,https://gofood.co.id/en/surabaya/restaurant/mie-gacoan-genteng-f49fb30b-5b97-41b6-b66c-924da5d72fba/reviews,enyakkkkkkkk enyak...hrga ramah di kantong😁 kerasa banget bumbu2nya soale ada toping bawang goreng🤤🤤rekom banget buat yg suka pedes pernah nyobain yg level 8 asam lambung langsung naik sampek sesek nafas🤤🤤,5.0,Mie Gacoan lv 1 - Milo,Ordered on 25 June 2023,1,Baik,,
1701446020-314,https://gofood.co.id/en/surabaya/restaurant/mie-gacoan-genteng-f49fb30b-5b97-41b6-b66c-924da5d72fba/reviews,ya pokoknya terbaik,5.0,Mie Hompimpa lv 2 - Udang Rambutan - Thai Green Tea - Siomay,Ordered on 25 June 2023,1,Baik,,
1701446020-315,https://gofood.co.id/en/surabaya/restaurant/mie-gacoan-genteng-f49fb30b-5b97-41b6-b66c-924da5d72fba/reviews,"Bagus bagus ada peningkatan isian dalem pangsitnya kerasa kenyel sebelumnya kering aja kayak ayam suwir, udang kejunya juga enak lumer",5.0,Mie Hompimpa lv 3 - Mie Gacoan lv 1 - Lumpia Udang - Udang Keju,Ordered on 25 June 2023,1,Baik,,
1701446020-316,https://gofood.co.id/en/surabaya/restaurant/mie-gacoan-genteng-f49fb30b-5b97-41b6-b66c-924da5d72fba/reviews,pas top kotop jess,5.0,Lumpia Udang - Thai Green Tea - Mie Hompimpa lv 3,Ordered on 2 June 2023,1,Baik,,
1701446020-317,https://gofood.co.id/en/surabaya/restaurant/mie-gacoan-genteng-f49fb30b-5b97-41b6-b66c-924da5d72fba/reviews,gacoan nya enk aplg dpt potongan 50%,5.0,Mie Gacoan lv 4 - Mie Gacoan lv 2 - Udang Rambutan - Pangsit,Ordered on 25 June 2023,1,Baik,,
1701446020-318,https://gofood.co.id/en/surabaya/restaurant/mie-gacoan-genteng-f49fb30b-5b97-41b6-b66c-924da5d72fba/reviews,trimksih rsa pdes ny pas sesuai pesanan,5.0,Mie Gacoan lv 2 - Mie Suit - Udang Rambutan - Udang Keju,Ordered on 25 June 2023,1,Baik,,
1701446020-319,https://gofood.co.id/en/surabaya/restaurant/mie-gacoan-genteng-f49fb30b-5b97-41b6-b66c-924da5d72fba/reviews,"enak, lv2 tapi ternyata pedes banget",5.0,Mie Gacoan lv 2 - Teh,Ordered on 25 June 2023,1,Baik,,
1701446020-320,https://gofood.co.id/en/surabaya/restaurant/mie-gacoan-genteng-f49fb30b-5b97-41b6-b66c-924da5d72fba/reviews,"mantap🥰, thank you",5.0,Mie Gacoan lv 2 - Mie Gacoan lv 1 - Mie Gacoan lv 3,Ordered on 24 June 2023,1,Baik,,
1701446020-321,https://gofood.co.id/en/surabaya/restaurant/mie-gacoan-genteng-f49fb30b-5b97-41b6-b66c-924da5d72fba/reviews,lvl 1 pedes amat,3.0,Mie Gacoan lv 1 - Udang Keju,Ordered on 24 June 2023,0,Buruk,,
1701446020-322,https://gofood.co.id/en/surabaya/restaurant/mie-gacoan-genteng-f49fb30b-5b97-41b6-b66c-924da5d72fba/reviews,"mie nya kurang pedes untuk level ini sebelumnya beli level ini, pedes",4.0,Pangsit - Lumpia Udang - Mie Hompimpa lv 3 - Coklat,Ordered on 18 June 2023,0,Buruk,,
1701446020-323,https://gofood.co.id/en/surabaya/restaurant/mie-gacoan-genteng-f49fb30b-5b97-41b6-b66c-924da5d72fba/reviews,selalu rekomend,5.0,Mie Gacoan lv 3 - Udang Keju,Ordered on 19 June 2023,1,Baik,,
1701446020-324,https://gofood.co.id/en/surabaya/restaurant/mie-gacoan-genteng-f49fb30b-5b97-41b6-b66c-924da5d72fba/reviews,Langganan tapi pelit sambel sachet,1.0,Paket Gacoan A - Mie Gacoan lv 8 - Udang Rambutan,Ordered on 21 June 2023,0,Buruk,,
1701446020-325,https://gofood.co.id/en/surabaya/restaurant/mie-gacoan-genteng-f49fb30b-5b97-41b6-b66c-924da5d72fba/reviews,Jangan pernah nyobak level 10,5.0,Mie Gacoan lv 8,Ordered on 21 June 2023,0,Buruk,,
1701446020-326,https://gofood.co.id/en/surabaya/restaurant/mie-gacoan-genteng-f49fb30b-5b97-41b6-b66c-924da5d72fba/reviews,Sering pesen tapi pelit sambel,4.0,Udang Rambutan - Mie Gacoan lv 8 - Mie Hompimpa lv 8 - Lumpia Udang,Ordered on 6 May 2023,0,Buruk,,
1701446020-327,https://gofood.co.id/en/surabaya/restaurant/mie-gacoan-genteng-f49fb30b-5b97-41b6-b66c-924da5d72fba/reviews,Jangan pelit sambel,4.0,Mie Gacoan lv 8 - Udang Rambutan - Lumpia Udang - Mie Hompimpa lv 8,Ordered on 27 May 2023,0,Buruk,,
1701446020-328,https://gofood.co.id/en/surabaya/restaurant/mie-gacoan-genteng-f49fb30b-5b97-41b6-b66c-924da5d72fba/reviews,Pelit sambel pelit sambel,4.0,Mie Gacoan lv 8 - Udang Rambutan - Lumpia Udang - Mie Hompimpa lv 8,Ordered on 22 May 2023,0,Buruk,,
1701446020-329,https://gofood.co.id/en/surabaya/restaurant/mie-gacoan-genteng-f49fb30b-5b97-41b6-b66c-924da5d72fba/reviews,aneh pesen selalu slah.. pesen hompipah yg dtg malah mie gacoan yg manis,1.0,Mie Hompimpa lv 8 - Thai Green Tea - Mie Hompimpa lv 4 - Udang Keju - Es Teklek,Ordered on 4 June 2023,0,Buruk,,
1701446020-330,https://gofood.co.id/en/surabaya/restaurant/mie-gacoan-genteng-f49fb30b-5b97-41b6-b66c-924da5d72fba/reviews,pesen hompipah dtg selalu yamin manis aneh klo pake apl gojek selalu slah,1.0,Lumpia Udang - Thai Green Tea - Mie Hompimpa lv 4 - Mie Hompimpa lv 8 - Udang Keju,Ordered on 10 June 2023,0,Buruk,,
1701446020-331,https://gofood.co.id/en/surabaya/restaurant/mie-gacoan-genteng-f49fb30b-5b97-41b6-b66c-924da5d72fba/reviews,sebel pesen hompipah selalu yg dtg mie kecap manis pdhl pesen nya hompipah kan asin pedes.. tolong di perbaiki,1.0,Mie Hompimpa lv 6 - Udang Keju - Thai Green Tea,Ordered on 21 June 2023,0,Buruk,,
1701446020-332,https://gofood.co.id/en/surabaya/restaurant/mie-gacoan-genteng-f49fb30b-5b97-41b6-b66c-924da5d72fba/reviews,selau lupa gak dikasih sumpit,1.0,Siomay - Mie Gacoan lv 4,Ordered on 20 June 2023,0,Buruk,,
1701446020-333,https://gofood.co.id/en/surabaya/restaurant/mie-gacoan-genteng-f49fb30b-5b97-41b6-b66c-924da5d72fba/reviews,cepat pengrimannya,5.0,Mie Gacoan lv 0 - Siomay - Udang Keju,Ordered on 19 June 2023,1,Baik,,
1701446020-334,https://gofood.co.id/en/surabaya/restaurant/mie-gacoan-genteng-f49fb30b-5b97-41b6-b66c-924da5d72fba/reviews,gillaaaaa mie hompipa LV 8 pedessss bangeeeettttt no comeeeennnn,5.0,Mie Gacoan lv 1 - Udang Rambutan - Pangsit - Mie Hompimpa lv 8,Ordered on 18 June 2023,1,Baik,,
1701446020-335,https://gofood.co.id/en/surabaya/restaurant/mie-gacoan-genteng-f49fb30b-5b97-41b6-b66c-924da5d72fba/reviews,Enakkk sip sip sip,5.0,Mie Gacoan lv 8 - Udang Keju - Lumpia Udang - Thai Tea Ori - Mie Hompimpa lv 8 - Siomay - Es Sluku Bathok,Ordered on 15 June 2023,1,Baik,,
1701446020-336,https://gofood.co.id/en/surabaya/restaurant/mie-gacoan-genteng-f49fb30b-5b97-41b6-b66c-924da5d72fba/reviews,tumben rasanya g enak hambar sama sekali g ada rasanya sangat2 mengecewakan,2.0,Mie Gacoan lv 0 - Mie Gacoan lv 2 - Mie Gacoan lv 4 - Udang Rambutan - Lumpia Udang - Teh,Ordered on 16 June 2023,0,Buruk,,
1701446020-337,https://gofood.co.id/en/surabaya/restaurant/mie-gacoan-genteng-f49fb30b-5b97-41b6-b66c-924da5d72fba/reviews,Saya pesen level 1 kok PEEDEEESSSSSS BGT YA!?  Salah pesanan atau gimana!?,1.0,Mie Gacoan lv 1 - Thai Green Tea - Lumpia Udang,Ordered on 16 June 2023,0,Buruk,,
1701446020-338,https://gofood.co.id/en/surabaya/restaurant/mie-gacoan-genteng-f49fb30b-5b97-41b6-b66c-924da5d72fba/reviews,"rasa masih ter enak menurutku tp kadang mie nya agak dry kadang kebanyakan minyak, level juga kadang level 1 layak level 3, yang masak mie tolong lebih fokus saat ngeracik resepnya sudah enak bgtt tp klo yg ngeracik gagal fokus kan jd sayang, but overall gacoan masih jd ter the best versiku",5.0,Mie Gacoan lv 1 - Udang Keju,Ordered on 1 June 2023,0,Buruk,,
1701446020-339,https://gofood.co.id/en/surabaya/restaurant/mie-gacoan-genteng-f49fb30b-5b97-41b6-b66c-924da5d72fba/reviews,enak cuman agak banyakan dikit mie nya,5.0,Mie Gacoan lv 2,Ordered on 14 June 2023,1,Baik,,
1701446020-340,https://gofood.co.id/en/surabaya/restaurant/mie-gacoan-genteng-f49fb30b-5b97-41b6-b66c-924da5d72fba/reviews,Saya mintak cabe 3 tapi kok cuman Manis gurih tidak pedas ya,3.0,Udang Keju - Lumpia Udang - Mie Gacoan lv 0,Ordered on 14 June 2023,0,Buruk,,
1701446020-341,https://gofood.co.id/en/surabaya/restaurant/mie-gacoan-genteng-f49fb30b-5b97-41b6-b66c-924da5d72fba/reviews,pedes banget ajg,5.0,Mie Hompimpa lv 2 - Mie Gacoan lv 4 - Orange - Mie Gacoan lv 1 - Mie Gacoan lv 2,Ordered on 13 June 2023,1,Baik,,
1701446020-342,https://gofood.co.id/en/surabaya/restaurant/mie-gacoan-genteng-f49fb30b-5b97-41b6-b66c-924da5d72fba/reviews,enak banget deh 👍👍👍 kemasanx tumpah,5.0,Mie Gacoan lv 1 - Mie Hompimpa lv 1 - Mie Suit - Udang Rambutan,Ordered on 12 June 2023,1,Baik,,
1701446020-344,https://gofood.co.id/en/surabaya/restaurant/mie-gacoan-genteng-f49fb30b-5b97-41b6-b66c-924da5d72fba/reviews,"bikin ketagihan, pengen pesen lagi .",5.0,Mie Hompimpa lv 1 - Mie Gacoan lv 1,Ordered on 12 June 2023,1,Baik,,
1701446020-345,https://gofood.co.id/en/surabaya/restaurant/mie-gacoan-genteng-f49fb30b-5b97-41b6-b66c-924da5d72fba/reviews,mantap banget langganan pesen disini,5.0,Mie Gacoan lv 3 - Coklat,Ordered on 8 June 2023,1,Baik,,
1701446020-346,https://gofood.co.id/en/surabaya/restaurant/mie-gacoan-genteng-f49fb30b-5b97-41b6-b66c-924da5d72fba/reviews,enak banget deh👍👍,5.0,Udang Rambutan - Mie Gacoan lv 3 - Mie Gacoan lv 2 - Mie Gacoan lv 0,Ordered on 11 June 2023,1,Baik,,
1701446020-347,https://gofood.co.id/en/surabaya/restaurant/mie-gacoan-genteng-f49fb30b-5b97-41b6-b66c-924da5d72fba/reviews,selalu ketukar level nya,4.0,Mie Gacoan lv 1 - Mie Gacoan lv 2 - Udang Keju,Ordered on 6 June 2023,0,Buruk,,
1701446020-348,https://gofood.co.id/en/surabaya/restaurant/mie-gacoan-genteng-f49fb30b-5b97-41b6-b66c-924da5d72fba/reviews,untuk pangsit tumben tidak hangat dan sudah tidak kriuk,4.0,Udang Keju - Pangsit,Ordered on 11 June 2023,0,Buruk,,
1701446020-349,https://gofood.co.id/en/surabaya/restaurant/mie-gacoan-genteng-f49fb30b-5b97-41b6-b66c-924da5d72fba/reviews,mie nya agak kelembekan,4.0,Mie Gacoan lv 3 - Mie Gacoan lv 4 - Mie Hompimpa lv 4 - Pangsit - Lumpia Udang - Udang Keju,Ordered on 10 June 2023,0,Buruk,,
1701446020-350,https://gofood.co.id/en/surabaya/restaurant/mie-gacoan-genteng-f49fb30b-5b97-41b6-b66c-924da5d72fba/reviews,"terlalu lama pelayanannya,mie nya tambah dikit 😏",2.0,Mie Gacoan lv 4 - Mie Gacoan lv 0 - Mie Gacoan lv 1 - Mie Gacoan lv 2,Ordered on 9 June 2023,0,Buruk,,
1701446020-351,https://gofood.co.id/en/surabaya/restaurant/mie-gacoan-genteng-f49fb30b-5b97-41b6-b66c-924da5d72fba/reviews,"pesanan datang dengan cepat, driver ramah",5.0,Mie Gacoan lv 4,Ordered on 10 June 2023,1,Baik,,
1701446020-352,https://gofood.co.id/en/surabaya/restaurant/mie-gacoan-genteng-f49fb30b-5b97-41b6-b66c-924da5d72fba/reviews,"enak drivernya baik mau nunggu lama, pas mandi",5.0,Mie Gacoan lv 1 - Mie Gacoan lv 3 - Udang Keju - Udang Rambutan,Ordered on 9 June 2023,1,Baik,,
1701446020-353,https://gofood.co.id/en/surabaya/restaurant/mie-gacoan-genteng-f49fb30b-5b97-41b6-b66c-924da5d72fba/reviews,porsi nya makin dikit,5.0,Mie Gacoan lv 0 - Mie Gacoan lv 1 - Mie Gacoan lv 2 - Lumpia Udang - Udang Rambutan,Ordered on 6 June 2023,0,Buruk,,
1701446020-354,https://gofood.co.id/en/surabaya/restaurant/mie-gacoan-genteng-f49fb30b-5b97-41b6-b66c-924da5d72fba/reviews,good job smg sukses slu,5.0,Mie Hompimpa lv 3 - Udang Rambutan,Ordered on 8 June 2023,1,Baik,,
1701446020-355,https://gofood.co.id/en/surabaya/restaurant/mie-gacoan-genteng-f49fb30b-5b97-41b6-b66c-924da5d72fba/reviews,"Minta nya lvl 8 pedas nya,tpi gak pedas.anak sd juga bisa makan klo cuman gini.di perbaikin lagi ya🙏",3.0,Milo - Orange - Udang Keju - Lumpia Udang - Udang Rambutan - Mie Gacoan lv 8 - Mie Hompimpa lv 8,Ordered on 9 June 2023,0,Buruk,,
1701446020-356,https://gofood.co.id/en/surabaya/restaurant/mie-gacoan-genteng-f49fb30b-5b97-41b6-b66c-924da5d72fba/reviews,"enak, terimakasih",5.0,Mie Gacoan lv 0 - Mie Gacoan lv 2 - Udang Keju,Ordered on 6 June 2023,1,Baik,,
1701446020-357,https://gofood.co.id/en/surabaya/restaurant/mie-gacoan-genteng-f49fb30b-5b97-41b6-b66c-924da5d72fba/reviews,enak sih tapi rada lama,5.0,Mie Gacoan lv 4 - Siomay,Ordered on 8 June 2023,1,Baik,,
1701446020-358,https://gofood.co.id/en/surabaya/restaurant/mie-gacoan-genteng-f49fb30b-5b97-41b6-b66c-924da5d72fba/reviews,salah order. pesen hompila dikasih gacoan,1.0,Mie Hompimpa lv 3,Ordered on 7 June 2023,0,Buruk,,
1701446020-359,https://gofood.co.id/en/surabaya/restaurant/mie-gacoan-genteng-f49fb30b-5b97-41b6-b66c-924da5d72fba/reviews,pesanan tidak sesuai saya pesan lumpia udang kenapa dikasih udang rambutan,1.0,Siomay - Udang Keju - Lumpia Udang - Mie Hompimpa lv 1,Ordered on 7 June 2023,0,Buruk,,
1701446020-360,https://gofood.co.id/en/surabaya/restaurant/mie-gacoan-genteng-f49fb30b-5b97-41b6-b66c-924da5d72fba/reviews,"TERIMA KASIH untuk porsi ok,minuman nya okeh juga ,apalagi udang keju nya mantap sih paling rekomended bgt cuman kurang besar ukuran nya hehehe gpp sesuai dengan harga",5.0,Mie Gacoan lv 1 - Thai Green Tea - Udang Keju,Ordered on 6 June 2023,1,Baik,,
1701446020-361,https://gofood.co.id/en/surabaya/restaurant/mie-gacoan-genteng-f49fb30b-5b97-41b6-b66c-924da5d72fba/reviews,Mie terbaik dan rasanya no 1,5.0,Mie Gacoan lv 1,Ordered on 6 June 2023,1,Baik,,
1701446020-362,https://gofood.co.id/en/surabaya/restaurant/mie-gacoan-genteng-f49fb30b-5b97-41b6-b66c-924da5d72fba/reviews,mie Gacoannya enak & es Gobak Sodornya juga seger😊semoga kedepan rasanya akan terus enak..,5.0,Mie Gacoan lv 0 - Es Gobak Sodor,Ordered on 6 June 2023,1,Baik,,
1701446020-363,https://gofood.co.id/en/surabaya/restaurant/mie-gacoan-genteng-f49fb30b-5b97-41b6-b66c-924da5d72fba/reviews,mienya kurang asin,4.0,Mie Gacoan lv 3 - Siomay - Udang Rambutan - Udang Keju - Lumpia Udang - Lemon Tea,Ordered on 5 June 2023,0,Buruk,,
1701446020-364,https://gofood.co.id/en/surabaya/restaurant/mie-gacoan-genteng-f49fb30b-5b97-41b6-b66c-924da5d72fba/reviews,Tumben cpt bgt,5.0,Mie Gacoan lv 1 - Mie Gacoan lv 2 - Udang Keju - Udang Rambutan - Pangsit,Ordered on 4 June 2023,1,Baik,,
1701446020-365,https://gofood.co.id/en/surabaya/restaurant/mie-gacoan-genteng-f49fb30b-5b97-41b6-b66c-924da5d72fba/reviews,Kebanyakan minyak,3.0,Mie Suit - Mie Hompimpa lv 2 - Udang Rambutan - Lumpia Udang - Mie Hompimpa lv 3,Ordered on 30 May 2023,0,Buruk,,
1701446020-366,https://gofood.co.id/en/surabaya/restaurant/mie-gacoan-genteng-f49fb30b-5b97-41b6-b66c-924da5d72fba/reviews,"Kadang pedesnya ga sama, kadang bisa pedes banget kadang ga pedes",5.0,Mie Gacoan lv 1 - Udang Keju - Mie Gacoan lv 0 - Siomay - Es Gobak Sodor - Lumpia Udang,Ordered on 18 May 2023,0,Buruk,,
1701446020-367,https://gofood.co.id/en/surabaya/restaurant/mie-gacoan-genteng-f49fb30b-5b97-41b6-b66c-924da5d72fba/reviews,porsinya makin berkurang,3.0,Mie Gacoan lv 1,Ordered on 4 June 2023,0,Buruk,,
1701446020-368,https://gofood.co.id/en/surabaya/restaurant/mie-gacoan-genteng-f49fb30b-5b97-41b6-b66c-924da5d72fba/reviews,terlalu mandi minyak mienya gak kayak dulu,5.0,Mie Gacoan lv 4 - Mie Gacoan lv 0 - Udang Rambutan,Ordered on 29 May 2023,0,Buruk,,
1701446020-369,https://gofood.co.id/en/surabaya/restaurant/mie-gacoan-genteng-f49fb30b-5b97-41b6-b66c-924da5d72fba/reviews,"AKU SUKA TEMPAT DAN MAKAN DI MIE GACOAN tp tidak dg pelayanan online nya. padahal sudah berkali kali dinotif bilang minta untuk diberikan lebihan saus ,tp tak di gubris.... pelit sekali , tidak  mengutamakan kepuasan customer !!!",1.0,Udang Rambutan - Lumpia Udang - Mie Gacoan lv 0,Ordered on 3 June 2023,0,Buruk,,
1701446020-370,https://gofood.co.id/en/surabaya/restaurant/mie-gacoan-genteng-f49fb30b-5b97-41b6-b66c-924da5d72fba/reviews,"dari dulu sampai sekarang porsi tetap banyak. cuman untuk rasa kali ini berkurang, tingkat kepedasan kurang, rasanya pun jg kurang mantul.",5.0,Mie Gacoan lv 0 - Mie Gacoan lv 4 - Udang Keju,Ordered on 3 June 2023,0,Buruk,,
1701446020-371,https://gofood.co.id/en/surabaya/restaurant/mie-gacoan-genteng-f49fb30b-5b97-41b6-b66c-924da5d72fba/reviews,"Gabiasanya level 2 se pedes inii, kyk level 10 kyk nya ketuker, lain kali di pastikan lagi orderan orang..",2.0,Mie Gacoan lv 2 - Udang Rambutan,Ordered on 3 June 2023,0,Buruk,,
1701446020-372,https://gofood.co.id/en/surabaya/restaurant/mie-gacoan-genteng-f49fb30b-5b97-41b6-b66c-924da5d72fba/reviews,pedesnya nampol dimulut,5.0,Mie Gacoan lv 2,Ordered on 3 June 2023,1,Baik,,
1701446020-373,https://gofood.co.id/en/surabaya/restaurant/mie-gacoan-genteng-f49fb30b-5b97-41b6-b66c-924da5d72fba/reviews,tekstur mie nya agak lembek,1.0,Mie Gacoan lv 4 - Udang Keju - Lumpia Udang - Thai Green Tea,Ordered on 14 May 2023,0,Buruk,,
1701446020-374,https://gofood.co.id/en/surabaya/restaurant/mie-gacoan-genteng-f49fb30b-5b97-41b6-b66c-924da5d72fba/reviews,mantapp lah pokok nya mie gacoan ini,5.0,Mie Gacoan lv 1 - Mie Gacoan lv 0,Ordered on 1 June 2023,1,Baik,,
1701446020-375,https://gofood.co.id/en/surabaya/restaurant/mie-gacoan-genteng-f49fb30b-5b97-41b6-b66c-924da5d72fba/reviews,enakk gak pake lama,5.0,Mie Gacoan lv 1 - Pangsit - Siomay,Ordered on 2 June 2023,1,Baik,,
1701446020-376,https://gofood.co.id/en/surabaya/restaurant/mie-gacoan-genteng-f49fb30b-5b97-41b6-b66c-924da5d72fba/reviews,muantul banget rasanya bukan kaleng² 🥰,5.0,Mie Gacoan lv 6 - Udang Rambutan - Mie Gacoan lv 3,Ordered on 1 June 2023,1,Baik,,
1701446020-377,https://gofood.co.id/en/surabaya/restaurant/mie-gacoan-genteng-f49fb30b-5b97-41b6-b66c-924da5d72fba/reviews,Bumbunya terlalu byk kecap shg terlalu manis..rasa gurihnya jadi kurang terasa,3.0,Mie Gacoan lv 3 - Udang Keju,Ordered on 30 May 2023,0,Buruk,,
1701446020-378,https://gofood.co.id/en/surabaya/restaurant/mie-gacoan-genteng-f49fb30b-5b97-41b6-b66c-924da5d72fba/reviews,UDANG RAMBUTAN SAYA KETUKAR JADI UNDANG KEJU 🙃,2.0,Mie Gacoan lv 3 - Mie Gacoan lv 2 - Udang Rambutan,Ordered on 1 June 2023,0,Buruk,,
1701446020-379,https://gofood.co.id/en/surabaya/restaurant/mie-gacoan-genteng-f49fb30b-5b97-41b6-b66c-924da5d72fba/reviews,"maaf ini mienya kok bau sangit meskipun ga gosong tapi kerasa pas di makan jadi kebuang, mohon dijaga lagi kualitas makanannya, untuk dimsum enak banget",2.0,Mie Gacoan lv 4 - Udang Rambutan,Ordered on 1 June 2023,0,Buruk,,
1701446020-380,https://gofood.co.id/en/surabaya/restaurant/mie-gacoan-genteng-f49fb30b-5b97-41b6-b66c-924da5d72fba/reviews,puas sekali dengan makanan nya.. enak nikmat dan yg paling saya suka adalah cepat sekali pengiriman nya 🙏,5.0,Mie Hompimpa lv 1 - Mie Gacoan lv 2 - Mie Gacoan lv 3 - Mie Gacoan lv 6 - Pangsit - Lumpia Udang,Ordered on 1 June 2023,1,Baik,,
1701446020-381,https://gofood.co.id/en/surabaya/restaurant/mie-gacoan-genteng-f49fb30b-5b97-41b6-b66c-924da5d72fba/reviews,mantap juosssss,5.0,Mie Gacoan lv 1 - Lumpia Udang - Udang Keju,Ordered on 31 May 2023,1,Baik,,
1701446020-382,https://gofood.co.id/en/surabaya/restaurant/mie-gacoan-genteng-f49fb30b-5b97-41b6-b66c-924da5d72fba/reviews,"mantap, gurih pedas",5.0,Mie Gacoan lv 2 - Es Teklek - Siomay,Ordered on 31 May 2023,1,Baik,,
1701446020-383,https://gofood.co.id/en/surabaya/restaurant/mie-gacoan-genteng-f49fb30b-5b97-41b6-b66c-924da5d72fba/reviews,"Enak, fresh kebersihannya terjaga",5.0,Mie Hompimpa lv 3 - Mie Gacoan lv 2 - Udang Keju - Pangsit,Ordered on 30 May 2023,1,Baik,,
1701446020-384,https://gofood.co.id/en/surabaya/restaurant/mie-gacoan-genteng-f49fb30b-5b97-41b6-b66c-924da5d72fba/reviews,"Setiap beli minta ga pake bawang goreng,tapi pas dateng malah pake bawang goreng semua.",1.0,Mie Gacoan lv 0 - Mie Gacoan lv 1 - Udang Keju - Siomay,Ordered on 30 May 2023,0,Buruk,,
1701446020-385,https://gofood.co.id/en/surabaya/restaurant/mie-gacoan-genteng-f49fb30b-5b97-41b6-b66c-924da5d72fba/reviews,"yang satu saya makan rasanya seperti biasanya, yang satunya lagi assiiinn parah, entah ketumpahan gak tau",3.0,Mie Hompimpa lv 2,Ordered on 27 May 2023,0,Buruk,,
1701446020-386,https://gofood.co.id/en/surabaya/restaurant/mie-gacoan-genteng-f49fb30b-5b97-41b6-b66c-924da5d72fba/reviews,Pesen lv 4 dikirim nggk pedes sama sekali😡😡😡🤬🤬🤬🤬🤬🤬,2.0,Mie Hompimpa lv 4 - Lumpia Udang,Ordered on 29 May 2023,0,Buruk,,
1701446020-387,https://gofood.co.id/en/surabaya/restaurant/mie-gacoan-genteng-f49fb30b-5b97-41b6-b66c-924da5d72fba/reviews,udangnya enak banget. mienya gaada rasaa samsek:(,1.0,Udang Keju - Mie Suit - Pangsit,Ordered on 24 May 2023,0,Buruk,,
1701446020-388,https://gofood.co.id/en/surabaya/restaurant/mie-gacoan-genteng-f49fb30b-5b97-41b6-b66c-924da5d72fba/reviews,Terimakasih pelayanannya,5.0,Mie Hompimpa lv 2,Ordered on 28 May 2023,1,Baik,,
1701446020-389,https://gofood.co.id/en/surabaya/restaurant/mie-gacoan-genteng-f49fb30b-5b97-41b6-b66c-924da5d72fba/reviews,porsi dan saos dimsum kurang😁,4.0,Mie Gacoan lv 8 - Udang Rambutan,Ordered on 26 May 2023,0,Buruk,,
1701446020-390,https://gofood.co.id/en/surabaya/restaurant/mie-gacoan-genteng-f49fb30b-5b97-41b6-b66c-924da5d72fba/reviews,level satu pedesnya uda kayak level 3 . fullcabeeee,3.0,Mie Gacoan lv 1 - Es Gobak Sodor,Ordered on 27 May 2023,0,Buruk,,
1701446020-391,https://gofood.co.id/en/surabaya/restaurant/mie-gacoan-genteng-f49fb30b-5b97-41b6-b66c-924da5d72fba/reviews,gak dikasih sumpit gimana makannya,4.0,Mie Gacoan lv 1 - Mie Hompimpa lv 2 - Mie Hompimpa lv 1 - Pangsit - Udang Keju,Ordered on 26 May 2023,0,Buruk,,
1701446020-392,https://gofood.co.id/en/surabaya/restaurant/mie-gacoan-genteng-f49fb30b-5b97-41b6-b66c-924da5d72fba/reviews,kurang fokus pelayannya kayanya,3.0,Mie Suit - Udang Keju - Lumpia Udang,Ordered on 25 May 2023,0,Buruk,,
1701446020-393,https://gofood.co.id/en/surabaya/restaurant/mie-gacoan-genteng-f49fb30b-5b97-41b6-b66c-924da5d72fba/reviews,rate nya 100 .. mantull,5.0,Mie Suit - Mie Gacoan lv 4 - Mie Gacoan lv 3 - Es Sluku Bathok,Ordered on 21 May 2023,1,Baik,,
1701446020-394,https://gofood.co.id/en/surabaya/restaurant/mie-gacoan-genteng-f49fb30b-5b97-41b6-b66c-924da5d72fba/reviews,"semakin hari bentuk somay nya g karu""an mie terlalu lembek berair",4.0,Mie Gacoan lv 0 - Siomay - Mie Gacoan lv 1,Ordered on 24 May 2023,0,Buruk,,
1701446020-395,https://gofood.co.id/en/surabaya/restaurant/mie-gacoan-genteng-f49fb30b-5b97-41b6-b66c-924da5d72fba/reviews,"sumpah gilak mie gacoan level 8 buat gue mampus makannya,terbaik pokok buat mie gacoan hehe",5.0,Mie Gacoan lv 8,Ordered on 23 May 2023,1,Baik,,
1701446020-396,https://gofood.co.id/en/surabaya/restaurant/mie-gacoan-genteng-f49fb30b-5b97-41b6-b66c-924da5d72fba/reviews,"mie nya enakk bngett kyk biasanya rasanya slalu passs and poll kerasa bngt bumbu+cabe nya, ak pesen 2, tp td syng ad yg pangsit ny isi 1 aja, pdhl yg stu ny lgi ada 2",4.0,Mie Hompimpa lv 1 - Mie Hompimpa lv 4,Ordered on 23 May 2023,1,Baik,,
1701446020-397,https://gofood.co.id/en/surabaya/restaurant/mie-gacoan-genteng-f49fb30b-5b97-41b6-b66c-924da5d72fba/reviews,enak mas lue soale..,5.0,Mie Gacoan lv 3,Ordered on 23 May 2023,1,Baik,,
1701446020-398,https://gofood.co.id/en/surabaya/restaurant/mie-gacoan-genteng-f49fb30b-5b97-41b6-b66c-924da5d72fba/reviews,enak bangettttttttttt,5.0,Mie Gacoan lv 1 - Siomay,Ordered on 23 May 2023,1,Baik,,
1701446020-399,https://gofood.co.id/en/surabaya/restaurant/mie-gacoan-genteng-f49fb30b-5b97-41b6-b66c-924da5d72fba/reviews,"rasanya enakk tapi waktu tadi psen lvel 4 ga sepedas yang waktu itu beli, ini kayak level 2 ehe",5.0,Mie Hompimpa lv 4 - Orange,Ordered on 23 May 2023,0,Buruk,,
1701446020-400,https://gofood.co.id/en/surabaya/restaurant/mie-gacoan-genteng-f49fb30b-5b97-41b6-b66c-924da5d72fba/reviews,sangat memuaskAnn,5.0,Mie Hompimpa lv 4 - Lumpia Udang - Orange,Ordered on 22 May 2023,1,Baik,,
1701446020-401,https://gofood.co.id/en/surabaya/restaurant/mie-gacoan-genteng-f49fb30b-5b97-41b6-b66c-924da5d72fba/reviews,menurutku sampe saat ini mie gacoan mie paling enak dari berbagai mie yg serupa tp rasaa gacoan juaraa,5.0,Mie Gacoan lv 1 - Siomay - Udang Rambutan,Ordered on 19 May 2023,1,Baik,,
1701446020-402,https://gofood.co.id/en/surabaya/restaurant/mie-gacoan-genteng-f49fb30b-5b97-41b6-b66c-924da5d72fba/reviews,"Trims ya, atas kecepatan dalam melayani",5.0,Udang Keju - Udang Rambutan - Mie Hompimpa lv 1 - Mie Hompimpa lv 2 - Es Gobak Sodor - Lemon Tea,Ordered on 13 May 2023,1,Baik,,
1701446020-403,https://gofood.co.id/en/surabaya/restaurant/mie-gacoan-genteng-f49fb30b-5b97-41b6-b66c-924da5d72fba/reviews,Udangnya gatelll terus kek udah basi gituuu anjjj ga bkl beli lgi dh NYESAL,1.0,Udang Keju - Es Gobak Sodor,Ordered on 22 May 2023,0,Buruk,,
1701446020-404,https://gofood.co.id/en/surabaya/restaurant/mie-gacoan-genteng-f49fb30b-5b97-41b6-b66c-924da5d72fba/reviews,"porsi mie banyak, udang kejunya enak, cuma mie nya yang tadi terlalu lembek, gak kayak biasanya.",4.0,Mie Gacoan lv 3 - Mie Gacoan lv 2 - Udang Keju,Ordered on 21 May 2023,0,Buruk,,
1701446020-405,https://gofood.co.id/en/surabaya/restaurant/mie-gacoan-genteng-f49fb30b-5b97-41b6-b66c-924da5d72fba/reviews,1. enak 2. gurih,5.0,Mie Gacoan lv 1,Ordered on 21 May 2023,1,Baik,,
1701446020-406,https://gofood.co.id/en/surabaya/restaurant/mie-gacoan-genteng-f49fb30b-5b97-41b6-b66c-924da5d72fba/reviews,terima kasih pak,5.0,Udang Keju - Mie Gacoan lv 2 - Mie Gacoan lv 4 - Mie Gacoan lv 1,Ordered on 21 May 2023,5,Buruk,,
1701446020-407,https://gofood.co.id/en/surabaya/restaurant/mie-gacoan-genteng-f49fb30b-5b97-41b6-b66c-924da5d72fba/reviews,banyakin lagi porsinya👍🏻,5.0,Mie Gacoan lv 4 - Mie Gacoan lv 2 - Udang Keju - Udang Rambutan,Ordered on 21 May 2023,0,Buruk,,
1701446020-408,https://gofood.co.id/en/surabaya/restaurant/mie-gacoan-genteng-f49fb30b-5b97-41b6-b66c-924da5d72fba/reviews,enak dan lezat,5.0,Mie Gacoan lv 1 - Teh,Ordered on 20 May 2023,1,Baik,,
1701446020-409,https://gofood.co.id/en/surabaya/restaurant/mie-gacoan-genteng-f49fb30b-5b97-41b6-b66c-924da5d72fba/reviews,"pesan 4 mie, ada yang pangsitnya 2 ada yang cuma 1. gak jelas banget deh",3.0,Mie Gacoan lv 1 - Mie Gacoan lv 2 - Mie Gacoan lv 0,Ordered on 20 May 2023,0,Buruk,,
1701446020-410,https://gofood.co.id/en/surabaya/restaurant/mie-gacoan-genteng-f49fb30b-5b97-41b6-b66c-924da5d72fba/reviews,Semoga dipertahankan,5.0,Mie Suit - Siomay,Ordered on 19 May 2023,5,Buruk,,
1701446020-411,https://gofood.co.id/en/surabaya/restaurant/mie-gacoan-genteng-f49fb30b-5b97-41b6-b66c-924da5d72fba/reviews,"Mantap bosq, semoga bisa beli lagi",5.0,Mie Gacoan lv 1 - Udang Rambutan,Ordered on 19 May 2023,1,Baik,,
1701446020-412,https://gofood.co.id/en/surabaya/restaurant/mie-gacoan-genteng-f49fb30b-5b97-41b6-b66c-924da5d72fba/reviews,oke............,5.0,Mie Hompimpa lv 1 - Pangsit,Ordered on 18 May 2023,1,Baik,,
1701446020-413,https://gofood.co.id/en/surabaya/restaurant/mie-gacoan-genteng-f49fb30b-5b97-41b6-b66c-924da5d72fba/reviews,pesennya lvl 1=2 lvl 0=2 lah tpi kok yang dikirim lvl 1=1 lvl 0=3,5.0,Mie Gacoan lv 0 - Mie Gacoan lv 1,Ordered on 18 May 2023,0,Buruk,,
1701446020-414,https://gofood.co.id/en/surabaya/restaurant/mie-gacoan-genteng-f49fb30b-5b97-41b6-b66c-924da5d72fba/reviews,"mie gacoannya enak, tapi yang hompimpa asli hambar banget gaada pedesnya juga",3.0,Mie Hompimpa lv 4 - Mie Gacoan lv 4,Ordered on 19 May 2023,0,Buruk,,
1701446020-415,https://gofood.co.id/en/surabaya/restaurant/mie-gacoan-genteng-f49fb30b-5b97-41b6-b66c-924da5d72fba/reviews,bukan mie hompimpa,1.0,Mie Hompimpa lv 4 - Lumpia Udang - Es Gobak Sodor,Ordered on 11 May 2023,0,Buruk,,
1701446020-416,https://gofood.co.id/en/surabaya/restaurant/mie-gacoan-genteng-f49fb30b-5b97-41b6-b66c-924da5d72fba/reviews,Mintak lvl 3 dikasih lvl 2 😔,2.0,Mie Gacoan lv 1 - Mie Gacoan lv 3 - Udang Keju,Ordered on 18 May 2023,0,Buruk,,
1701446020-417,https://gofood.co.id/en/surabaya/restaurant/mie-gacoan-genteng-f49fb30b-5b97-41b6-b66c-924da5d72fba/reviews,semoga rezekinya lancar trus,5.0,Mie Gacoan lv 1 - Mie Gacoan lv 2,Ordered on 18 May 2023,5,Buruk,,
1701446020-418,https://gofood.co.id/en/surabaya/restaurant/mie-gacoan-genteng-f49fb30b-5b97-41b6-b66c-924da5d72fba/reviews,mantap banget bos,5.0,Mie Gacoan lv 8 - Udang Rambutan,Ordered on 18 May 2023,1,Baik,,
1701446020-419,https://gofood.co.id/en/surabaya/restaurant/mie-gacoan-genteng-f49fb30b-5b97-41b6-b66c-924da5d72fba/reviews,mksih yaaaaaaaaaaaaaaaa,5.0,Mie Gacoan lv 0 - Udang Rambutan - Lumpia Udang - Teh,Ordered on 17 May 2023,5,Buruk,,
1701446020-420,https://gofood.co.id/en/surabaya/restaurant/mie-gacoan-genteng-f49fb30b-5b97-41b6-b66c-924da5d72fba/reviews,LAMA BANGET  UDAH KELAPERAN😭😭😭😭😭,2.0,Mie Gacoan lv 2 - Mie Gacoan lv 1 - Udang Rambutan - Udang Keju - Orange - Thai Green Tea,Ordered on 17 May 2023,0,Buruk,,
1701446020-421,https://gofood.co.id/en/surabaya/restaurant/mie-gacoan-genteng-f49fb30b-5b97-41b6-b66c-924da5d72fba/reviews,"Saya pesan 2 thai tea dan keduanya rasanya ga manis, mienya juga terlalu matang jadi lembek. Semoga bisa diperbaiki lagi",1.0,Mie Gacoan lv 1 - Thai Tea Ori - Udang Rambutan - Udang Keju,Ordered on 14 May 2023,0,Buruk,,
1701446020-422,https://gofood.co.id/en/surabaya/restaurant/mie-gacoan-genteng-f49fb30b-5b97-41b6-b66c-924da5d72fba/reviews,Siomay kurang matang,3.0,Mie Hompimpa lv 1 - Siomay,Ordered on 15 May 2023,0,Buruk,,
1701446020-423,https://gofood.co.id/en/surabaya/restaurant/mie-gacoan-genteng-f49fb30b-5b97-41b6-b66c-924da5d72fba/reviews,enak banget hehe,5.0,Udang Rambutan - Mie Gacoan lv 2 - Mie Gacoan lv 0 - Udang Keju,Ordered on 15 May 2023,1,Baik,,
1701446020-424,https://gofood.co.id/en/surabaya/restaurant/mie-gacoan-genteng-f49fb30b-5b97-41b6-b66c-924da5d72fba/reviews,"pesan tidak pedas, datangnya pedas, bahkan terlihat jelas potongan cabenya. kalau memang ga bisa buat menu ga pedas, hapus aja deh menu yang tidak pedasnya daripada buat kecewa. belum lagi ukuran siomay dan udang kejunya jadi lebih kecil daripada terakhir order. entah siapa yang salah",3.0,Mie Gacoan lv 0 - Udang Keju - Siomay - Teh,Ordered on 10 May 2023,0,Buruk,,
1701446020-425,https://gofood.co.id/en/surabaya/restaurant/mie-gacoan-genteng-f49fb30b-5b97-41b6-b66c-924da5d72fba/reviews,yummy..  guring manis. pedes,5.0,Mie Gacoan lv 1 - Mie Gacoan lv 6 - Udang Rambutan,Ordered on 14 May 2023,1,Baik,,
1701446020-426,https://gofood.co.id/en/surabaya/restaurant/mie-gacoan-genteng-f49fb30b-5b97-41b6-b66c-924da5d72fba/reviews,tambahin lagi porsinya,5.0,Mie Suit,Ordered on 11 May 2023,0,Buruk,,
1701446020-427,https://gofood.co.id/en/surabaya/restaurant/mie-gacoan-genteng-f49fb30b-5b97-41b6-b66c-924da5d72fba/reviews,gacoan emang terbaik,5.0,Mie Gacoan lv 2 - Udang Rambutan - Udang Keju,Ordered on 11 May 2023,1,Baik,,
1701446020-428,https://gofood.co.id/en/surabaya/restaurant/mie-gacoan-genteng-f49fb30b-5b97-41b6-b66c-924da5d72fba/reviews,mienya tambah dikit trs aku pesen level 1 pedess bangett gk kyk biasanya,4.0,Mie Gacoan lv 1 - Mie Suit,Ordered on 11 May 2023,0,Buruk,,
1701446020-429,https://gofood.co.id/en/surabaya/restaurant/mie-gacoan-genteng-f49fb30b-5b97-41b6-b66c-924da5d72fba/reviews,"pelit banget tiap order minta tambah extra sambal aja ga pernah dikasih saya juga pengalaman di FNB tiap ada customer beli online , request minta extra sambal pasti dikasih karena kita di bidang jasa , mengutamakan kepuasan customer agar customer puas dan mau beli lagi",1.0,Mie Gacoan lv 3 - Udang Rambutan - Es Gobak Sodor,Ordered on 11 May 2023,0,Buruk,,
1701446020-430,https://gofood.co.id/en/surabaya/restaurant/mie-gacoan-genteng-f49fb30b-5b97-41b6-b66c-924da5d72fba/reviews,porsi banyak bikin candu pesen lagi 💯🤩,5.0,Udang Keju - Thai Tea Ori - Mie Gacoan lv 2,Ordered on 11 May 2023,1,Baik,,
1701446020-431,https://gofood.co.id/en/surabaya/restaurant/mie-gacoan-genteng-f49fb30b-5b97-41b6-b66c-924da5d72fba/reviews,Tambah kecil porsi ikan nya. Mienya tambah tipis. Berkurang kualitasnya.,3.0,Mie Hompimpa lv 3 - Mie Suit,Ordered on 16 March 2023,0,Buruk,,
1701446020-432,https://gofood.co.id/en/surabaya/restaurant/mie-gacoan-genteng-f49fb30b-5b97-41b6-b66c-924da5d72fba/reviews,porsinya agak berkurang sedikit  🤭. tp not bad lah.,5.0,Mie Hompimpa lv 2 - Mie Gacoan lv 0 - Mie Gacoan lv 3 - Udang Keju,Ordered on 10 May 2023,1,Baik,,
1701446020-433,https://gofood.co.id/en/surabaya/restaurant/mie-gacoan-genteng-f49fb30b-5b97-41b6-b66c-924da5d72fba/reviews,Cuma agak beda bungkusnya sama yg di jakarta,4.0,Mie Hompimpa lv 3 - Mie Gacoan lv 1 - Mie Gacoan lv 2,Ordered on 10 May 2023,0,Buruk,,
1701446020-434,https://gofood.co.id/en/surabaya/restaurant/mie-gacoan-genteng-f49fb30b-5b97-41b6-b66c-924da5d72fba/reviews,mie nya belum matang,1.0,Mie Gacoan lv 2 - Mie Gacoan lv 1 - Lumpia Udang - Orange,Ordered on 8 May 2023,0,Buruk,,
1701446020-435,https://gofood.co.id/en/surabaya/restaurant/mie-gacoan-genteng-f49fb30b-5b97-41b6-b66c-924da5d72fba/reviews,"pesen level 1 tapi yang dateng cabenya buanyak, gatau dah dikasih level berapa ituu",3.0,Mie Gacoan lv 1 - Udang Keju - Udang Rambutan,Ordered on 8 May 2023,0,Buruk,,
1701446020-436,https://gofood.co.id/en/surabaya/restaurant/mie-gacoan-genteng-f49fb30b-5b97-41b6-b66c-924da5d72fba/reviews,mantap banget ok,5.0,Mie Gacoan lv 1,Ordered on 6 May 2023,1,Baik,,
1701446020-437,https://gofood.co.id/en/surabaya/restaurant/mie-gacoan-genteng-f49fb30b-5b97-41b6-b66c-924da5d72fba/reviews,t o p semoga sukses selalu,5.0,Mie Gacoan lv 0,Ordered on 6 May 2023,1,Baik,,
1701446020-438,https://gofood.co.id/en/surabaya/restaurant/mie-gacoan-genteng-f49fb30b-5b97-41b6-b66c-924da5d72fba/reviews,Wuuueenaaaq bgt...,5.0,Mie Gacoan lv 1 - Mie Gacoan lv 2 - Mie Gacoan lv 4 - Udang Rambutan - Lumpia Udang,Ordered on 6 May 2023,1,Baik,,
1701446020-439,https://gofood.co.id/en/surabaya/restaurant/mie-gacoan-genteng-f49fb30b-5b97-41b6-b66c-924da5d72fba/reviews,rasanya berubah anjir gak enak hambar mie overcook dah 2x beli rasanya sama gk enaknya cabang lain perasaan stabil2 aja,2.0,Mie Gacoan lv 4 - Udang Keju,Ordered on 3 May 2023,0,Buruk,,
1701446020-440,https://gofood.co.id/en/surabaya/restaurant/mie-gacoan-genteng-f49fb30b-5b97-41b6-b66c-924da5d72fba/reviews,minuman agak hambar,5.0,Mie Gacoan lv 2 - Udang Keju - Coklat,Ordered on 6 May 2023,0,Buruk,,
1701446020-441,https://gofood.co.id/en/surabaya/restaurant/mie-gacoan-genteng-f49fb30b-5b97-41b6-b66c-924da5d72fba/reviews,minumannya agak hambar,4.0,Mie Gacoan lv 3 - Thai Tea Ori,Ordered on 5 May 2023,0,Buruk,,
1701446020-442,https://gofood.co.id/en/surabaya/restaurant/mie-gacoan-genteng-f49fb30b-5b97-41b6-b66c-924da5d72fba/reviews,"pesen 2 mie tapi yang satu ancur banget kayak kebanyakan minyak, minyak nya sampe tumpah tumpah, dari porsi mie nya juga beda kayak dikit sedangkan yg satunya banyak banget, sumpitnya rusak atasnya patah bawahnya kayak ga rata rusak² tapi rasanya tetep oke sih cuma di kemasan, porsi, sama alat makan aja",3.0,Mie Gacoan lv 0 - Mie Gacoan lv 1,Ordered on 5 May 2023,0,Buruk,,
1701446020-443,https://gofood.co.id/en/surabaya/restaurant/mie-gacoan-genteng-f49fb30b-5b97-41b6-b66c-924da5d72fba/reviews,makannya tambah mahal,3.0,Mie Hompimpa lv 3 - Mie Gacoan lv 3 - Lumpia Udang - Thai Green Tea - Udang Rambutan - Siomay,Ordered on 5 May 2023,0,Buruk,,
1701446020-444,https://gofood.co.id/en/surabaya/restaurant/mie-gacoan-genteng-f49fb30b-5b97-41b6-b66c-924da5d72fba/reviews,rasa mienya agak kecut,2.0,Mie Gacoan lv 3 - Orange - Coklat,Ordered on 5 May 2023,0,Buruk,,
1701446020-445,https://gofood.co.id/en/surabaya/restaurant/mie-gacoan-genteng-f49fb30b-5b97-41b6-b66c-924da5d72fba/reviews,kekeliruan penulisan level sampe adek saya nangis makannya. lain kali lebih diperhatikan,2.0,Mie Gacoan lv 1 - Mie Gacoan lv 2 - Mie Gacoan lv 4 - Lumpia Udang,Ordered on 5 May 2023,0,Buruk,,
1701446020-446,https://gofood.co.id/en/surabaya/restaurant/mie-gacoan-genteng-f49fb30b-5b97-41b6-b66c-924da5d72fba/reviews,ga enakkkk sumpak jemekk parahh,5.0,Mie Gacoan lv 1,Ordered on 4 May 2023,0,Buruk,,
1701446020-447,https://gofood.co.id/en/surabaya/restaurant/mie-gacoan-genteng-f49fb30b-5b97-41b6-b66c-924da5d72fba/reviews,"salah pesanan, klo misal habis atau gmn sebaiknya di tulis tidak tersedia saja, bukan ganti pesanan",1.0,Mie Gacoan lv 1 - Udang Keju - Lumpia Udang - Lemon Tea - Air Mineral,Ordered on 4 May 2023,0,Buruk,,
1701446020-448,https://gofood.co.id/en/surabaya/restaurant/mie-gacoan-genteng-f49fb30b-5b97-41b6-b66c-924da5d72fba/reviews,extra sausnya gak dikasih padahal udah note,3.0,Mie Gacoan lv 0 - Mie Gacoan lv 2 - Mie Gacoan lv 1 - Udang Keju - Udang Rambutan,Ordered on 4 May 2023,0,Buruk,,
1701446020-449,https://gofood.co.id/en/surabaya/restaurant/mie-gacoan-genteng-f49fb30b-5b97-41b6-b66c-924da5d72fba/reviews,"kurang fokus, utk level 0 tapi masih ada rasa pedasnya karena yang makan anak kecil",4.0,Udang Rambutan - Lumpia Udang - Mie Gacoan lv 0 - Mie Gacoan lv 2,Ordered on 4 May 2023,0,Buruk,,
1701446020-450,https://gofood.co.id/en/surabaya/restaurant/mie-gacoan-genteng-f49fb30b-5b97-41b6-b66c-924da5d72fba/reviews,mantap banget kok,5.0,Mie Gacoan lv 0 - Mie Gacoan lv 1 - Mie Gacoan lv 2,Ordered on 2 May 2023,1,Baik,,
1701446020-451,https://gofood.co.id/en/surabaya/restaurant/mie-gacoan-genteng-f49fb30b-5b97-41b6-b66c-924da5d72fba/reviews,"mie nya lembek terus rasanya cuma pedes aja dari cabenya gada gurih""nya untung aja pesan sama udang keju jdi ada yg bisa dimakan, komplain ke pusat no respon hadehhh kecewa bgt 👎👎",1.0,Mie Hompimpa lv 1 - Udang Keju,Ordered on 4 May 2023,0,Buruk,,
1701446020-452,https://gofood.co.id/en/surabaya/restaurant/mie-gacoan-genteng-f49fb30b-5b97-41b6-b66c-924da5d72fba/reviews,"mkasii ya,cewe saya suka masakanya",5.0,Mie Gacoan lv 2,Ordered on 3 May 2023,1,Baik,,
1701446020-453,https://gofood.co.id/en/surabaya/restaurant/mie-gacoan-genteng-f49fb30b-5b97-41b6-b66c-924da5d72fba/reviews,rasanya gak se wow antrian nya,3.0,Udang Keju - Mie Hompimpa lv 2 - Mie Gacoan lv 2,Ordered on 2 May 2023,0,Buruk,,
1701446020-454,https://gofood.co.id/en/surabaya/restaurant/mie-gacoan-genteng-f49fb30b-5b97-41b6-b66c-924da5d72fba/reviews,Sayang deh sm yang masak,5.0,Mie Gacoan lv 1 - Mie Gacoan lv 2 - Udang Keju,Ordered on 1 May 2023,5,Buruk,,
1701446020-455,https://gofood.co.id/en/surabaya/restaurant/mie-gacoan-genteng-f49fb30b-5b97-41b6-b66c-924da5d72fba/reviews,mantap sekali chef,5.0,Udang Keju - Lumpia Udang - Siomay - Mie Gacoan lv 1 - Mie Gacoan lv 6,Ordered on 1 May 2023,1,Baik,,
1701446020-456,https://gofood.co.id/en/surabaya/restaurant/mie-gacoan-genteng-f49fb30b-5b97-41b6-b66c-924da5d72fba/reviews,"mantap, tapi mungkin ada sedikit miss, ketika menu yang sama tapi 1 g ada cabe/pedas sama sekali, 1 lagi pedas/ada cabe.",5.0,Mie Gacoan lv 0 - Mie Gacoan lv 1 - Mie Hompimpa lv 1 - Udang Rambutan,Ordered on 23 April 2023,0,Buruk,,
1701446020-457,https://gofood.co.id/en/surabaya/restaurant/mie-gacoan-genteng-f49fb30b-5b97-41b6-b66c-924da5d72fba/reviews,mie terlalu jemek,2.0,Mie Gacoan lv 0,Ordered on 4 April 2023,0,Buruk,,
1701446020-458,https://gofood.co.id/en/surabaya/restaurant/mie-gacoan-genteng-f49fb30b-5b97-41b6-b66c-924da5d72fba/reviews,"mantap betul , gurih dan pedas",5.0,Mie Hompimpa lv 8 - Udang Keju,Ordered on 1 May 2023,1,Baik,,
1701446020-459,https://gofood.co.id/en/surabaya/restaurant/mie-gacoan-genteng-f49fb30b-5b97-41b6-b66c-924da5d72fba/reviews,kalo ngasih nama pesanan yg benar ya. punya saya jadi tertukar sama yg lain,2.0,Mie Gacoan lv 2 - Udang Keju - Mie Suit - Mie Gacoan lv 4 - Mie Gacoan lv 1,Ordered on 30 April 2023,0,Buruk,,
1701446020-460,https://gofood.co.id/en/surabaya/restaurant/mie-gacoan-genteng-f49fb30b-5b97-41b6-b66c-924da5d72fba/reviews,Level 1 seperti level 5. Ga sekalian diracun level 8 saja,2.0,Mie Gacoan lv 1 - Thai Green Tea - Udang Keju - Mie Hompimpa lv 1,Ordered on 30 April 2023,0,Buruk,,
1701446020-461,https://gofood.co.id/en/surabaya/restaurant/mie-gacoan-genteng-f49fb30b-5b97-41b6-b66c-924da5d72fba/reviews,Ter endulll pokok nya,5.0,Mie Gacoan lv 8 - Mie Hompimpa lv 8 - Udang Keju - Udang Rambutan,Ordered on 30 April 2023,1,Baik,,
1701446020-462,https://gofood.co.id/en/surabaya/restaurant/mie-gacoan-genteng-f49fb30b-5b97-41b6-b66c-924da5d72fba/reviews,pesan menu yg di kirim lain menu yg di beli,1.0,Mie Hompimpa lv 1 - Mie Gacoan lv 8 - Lumpia Udang,Ordered on 25 April 2023,0,Buruk,,
1701446020-463,https://gofood.co.id/en/surabaya/restaurant/mie-gacoan-genteng-f49fb30b-5b97-41b6-b66c-924da5d72fba/reviews,Psn gacoan lvl 0 dikasi level pedas banget.,1.0,Mie Gacoan lv 0 - Siomay - Udang Rambutan,Ordered on 29 April 2023,0,Buruk,,
1701446020-464,https://gofood.co.id/en/surabaya/restaurant/mie-gacoan-genteng-f49fb30b-5b97-41b6-b66c-924da5d72fba/reviews,Gcoan emang gaada obat. Mantap,5.0,Mie Gacoan lv 6 - Mie Hompimpa lv 1,Ordered on 29 April 2023,1,Baik,,
1701446020-465,https://gofood.co.id/en/surabaya/restaurant/mie-gacoan-genteng-f49fb30b-5b97-41b6-b66c-924da5d72fba/reviews,bagus enak,5.0,Mie Gacoan lv 2 - Mie Gacoan lv 3 - Udang Keju,Ordered on 29 April 2023,1,Baik,,
1701446020-466,https://gofood.co.id/en/surabaya/restaurant/mie-gacoan-genteng-f49fb30b-5b97-41b6-b66c-924da5d72fba/reviews,enak poll rasanya pass,5.0,Mie Gacoan lv 1 - Mie Gacoan lv 2 - Mie Gacoan lv 4,Ordered on 29 April 2023,1,Baik,,
1701446020-467,https://gofood.co.id/en/surabaya/restaurant/mie-gacoan-genteng-f49fb30b-5b97-41b6-b66c-924da5d72fba/reviews,pengiriman fast,5.0,Mie Gacoan lv 1 - Mie Gacoan lv 2,Ordered on 29 April 2023,1,Baik,,
1701446020-468,https://gofood.co.id/en/surabaya/restaurant/mie-gacoan-genteng-f49fb30b-5b97-41b6-b66c-924da5d72fba/reviews,tutup buat minumannya tumpah,2.0,Mie Gacoan lv 1 - Milo,Ordered on 29 April 2023,0,Buruk,,
1701446020-469,https://gofood.co.id/en/surabaya/restaurant/mie-gacoan-genteng-f49fb30b-5b97-41b6-b66c-924da5d72fba/reviews,alat makan nya kurang hhe,4.0,Mie Suit - Mie Gacoan lv 0 - Udang Rambutan,Ordered on 20 March 2023,0,Buruk,,
1701446020-470,https://gofood.co.id/en/surabaya/restaurant/mie-gacoan-genteng-f49fb30b-5b97-41b6-b66c-924da5d72fba/reviews,mantullllllllll,5.0,Mie Hompimpa lv 2,Ordered on 27 April 2023,1,Baik,,
1701446020-471,https://gofood.co.id/en/surabaya/restaurant/mie-gacoan-genteng-f49fb30b-5b97-41b6-b66c-924da5d72fba/reviews,siomanya aja yg kurang matang rasanya buat yg lain enak,5.0,Siomay - Udang Rambutan - Udang Keju - Lumpia Udang,Ordered on 25 April 2023,0,Buruk,,
1701446020-472,https://gofood.co.id/en/surabaya/restaurant/mie-gacoan-genteng-f49fb30b-5b97-41b6-b66c-924da5d72fba/reviews,tapi kali ini ga dikasih sumpit lupa kali pegawainya tapi it's okay karna enak:)),5.0,Mie Gacoan lv 1 - Siomay - Teh,Ordered on 28 April 2023,0,Buruk,,
1701446020-473,https://gofood.co.id/en/surabaya/restaurant/mie-gacoan-genteng-f49fb30b-5b97-41b6-b66c-924da5d72fba/reviews,Terimakasih atas makanannya,5.0,Mie Hompimpa lv 2 - Milo,Ordered on 27 April 2023,1,Baik,,
1701446020-474,https://gofood.co.id/en/surabaya/restaurant/mie-gacoan-genteng-f49fb30b-5b97-41b6-b66c-924da5d72fba/reviews,"penataan kurang rapi, jadi agak berantakan, dan minyak agak bocor2",4.0,Mie Gacoan lv 1,Ordered on 26 April 2023,0,Buruk,,
1701446020-475,https://gofood.co.id/en/surabaya/restaurant/mie-gacoan-genteng-f49fb30b-5b97-41b6-b66c-924da5d72fba/reviews,"rasanya ga kayak biasanya, mie terlalu nyemek basah. masak beli 4 mie gak dikasih sumpit! mau makan pake tangan? tolong ya alat makan itu penting bgt!",1.0,Mie Gacoan lv 1 - Mie Gacoan lv 0 - Mie Gacoan lv 3 - Mie Suit - Udang Keju,Ordered on 27 April 2023,0,Buruk,,
1701446020-476,https://gofood.co.id/en/surabaya/restaurant/mie-gacoan-genteng-f49fb30b-5b97-41b6-b66c-924da5d72fba/reviews,mienya kematengan rasanya gaenak kecapnya kurang,1.0,Mie Gacoan lv 1 - Mie Gacoan lv 4 - Udang Rambutan - Lumpia Udang - Mie Suit,Ordered on 27 April 2023,0,Buruk,,
1701446020-477,https://gofood.co.id/en/surabaya/restaurant/mie-gacoan-genteng-f49fb30b-5b97-41b6-b66c-924da5d72fba/reviews,pesen nya udang rambutan di kirim nya udang keju😟😟,2.0,Mie Gacoan lv 0 - Mie Gacoan lv 2 - Mie Hompimpa lv 2 - Udang Rambutan - Mie Gacoan lv 1,Ordered on 26 April 2023,0,Buruk,,
1701446020-478,https://gofood.co.id/en/surabaya/restaurant/mie-gacoan-genteng-f49fb30b-5b97-41b6-b66c-924da5d72fba/reviews,"sambelnya kecut bangetttt, gbsa s makan",1.0,Mie Hompimpa lv 3 - Udang Rambutan - Lumpia Udang,Ordered on 25 April 2023,0,Buruk,,
1701446020-479,https://gofood.co.id/en/surabaya/restaurant/mie-gacoan-genteng-f49fb30b-5b97-41b6-b66c-924da5d72fba/reviews,Sayang deh sama chef-nya,5.0,Udang Rambutan - Siomay - Mie Gacoan lv 0,Ordered on 26 April 2023,1,Baik,,
1701446020-480,https://gofood.co.id/en/surabaya/restaurant/mie-gacoan-genteng-f49fb30b-5b97-41b6-b66c-924da5d72fba/reviews,Semoga dipertahankan,5.0,Udang Rambutan - Siomay,Ordered on 17 April 2023,1,Baik,,
1701446020-481,https://gofood.co.id/en/surabaya/restaurant/mie-gacoan-genteng-f49fb30b-5b97-41b6-b66c-924da5d72fba/reviews,"Sy kira,order bbrp hr mgkn antri/gmn,jd hrs cpt. Porsinya dikit tdk spt biasanya. Lah ini order lg,porsi sama spt yg lalu ditambah g pedes. Harusnya level 8,mie spt level 1. Jangan mulai menurunkan kualitas yak... Sayang sekali... Mksh",2.0,Mie Gacoan lv 8 - Mie Gacoan lv 0 - Thai Green Tea - Udang Rambutan,Ordered on 25 April 2023,0,Buruk,,
1701446020-482,https://gofood.co.id/en/surabaya/restaurant/mie-gacoan-genteng-f49fb30b-5b97-41b6-b66c-924da5d72fba/reviews,makasihh makanannya enak dan sampai dengan cepat,5.0,Udang Keju - Mie Gacoan lv 1 - Mie Hompimpa lv 2,Ordered on 26 April 2023,1,Baik,,
1701446020-483,https://gofood.co.id/en/surabaya/restaurant/mie-gacoan-genteng-f49fb30b-5b97-41b6-b66c-924da5d72fba/reviews,"Kayak bukan level 2, mie lembek",3.0,Mie Gacoan lv 0 - Mie Gacoan lv 2 - Lumpia Udang,Ordered on 26 April 2023,0,Buruk,,
1701446020-484,https://gofood.co.id/en/surabaya/restaurant/mie-gacoan-genteng-f49fb30b-5b97-41b6-b66c-924da5d72fba/reviews,pedas seperti biasanya,5.0,Udang Keju - Mie Gacoan lv 6,Ordered on 26 April 2023,1,Baik,,
1701446020-485,https://gofood.co.id/en/surabaya/restaurant/mie-gacoan-genteng-f49fb30b-5b97-41b6-b66c-924da5d72fba/reviews,mantap mas bro...,5.0,Mie Gacoan lv 4 - Mie Gacoan lv 6 - Mie Gacoan lv 1,Ordered on 24 April 2023,1,Baik,,
1701446020-486,https://gofood.co.id/en/surabaya/restaurant/mie-gacoan-genteng-f49fb30b-5b97-41b6-b66c-924da5d72fba/reviews,"mie nya agak lembek gak enak kalo dimakan,rasanya agak aneh",2.0,Mie Hompimpa lv 1 - Siomay,Ordered on 26 April 2023,0,Buruk,,
1701446020-487,https://gofood.co.id/en/surabaya/restaurant/mie-gacoan-genteng-f49fb30b-5b97-41b6-b66c-924da5d72fba/reviews,rasanya pedas 🔥🔥🔥🔥🔥,5.0,Mie Hompimpa lv 6 - Thai Green Tea,Ordered on 25 April 2023,1,Baik,,
1701446020-488,https://gofood.co.id/en/surabaya/restaurant/mie-gacoan-genteng-f49fb30b-5b97-41b6-b66c-924da5d72fba/reviews,"enak dah, trus drivernyaa tepat waktuu",5.0,Mie Gacoan lv 0 - Udang Rambutan - Siomay - Udang Keju,Ordered on 25 April 2023,1,Baik,,
1701446020-489,https://gofood.co.id/en/surabaya/restaurant/mie-gacoan-genteng-f49fb30b-5b97-41b6-b66c-924da5d72fba/reviews,enak banget kak pedesnya pas,5.0,Mie Gacoan lv 1,Ordered on 25 April 2023,1,Baik,,
1701446020-490,https://gofood.co.id/en/surabaya/restaurant/mie-gacoan-genteng-f49fb30b-5b97-41b6-b66c-924da5d72fba/reviews,mesennya udang keju eh malah yg datang siomay udang. baru kali ini mesen tapi gak sesuai pesanan thx,2.0,Mie Gacoan lv 8 - Udang Keju,Ordered on 25 April 2023,0,Buruk,,
1701446020-491,https://gofood.co.id/en/surabaya/restaurant/mie-gacoan-genteng-f49fb30b-5b97-41b6-b66c-924da5d72fba/reviews,minta tambah saus sambal ga di kasih,3.0,Mie Hompimpa lv 3 - Siomay - Udang Keju,Ordered on 24 April 2023,0,Buruk,,
1701446020-492,https://gofood.co.id/en/surabaya/restaurant/mie-gacoan-genteng-f49fb30b-5b97-41b6-b66c-924da5d72fba/reviews,mohon tetap dipertahankan kwalitas dan rasa makin ditingkatkan,5.0,Mie Suit - Siomay,Ordered on 24 April 2023,1,Baik,,
1701446020-493,https://gofood.co.id/en/surabaya/restaurant/mie-gacoan-genteng-f49fb30b-5b97-41b6-b66c-924da5d72fba/reviews,"rasa mie nya gada rasa bumbu khas gacoan, gak kayak dulu untuk udang keju worth it lah 👍🏻",2.0,Udang Keju - Mie Gacoan lv 3,Ordered on 24 April 2023,0,Buruk,,
1701446020-494,https://gofood.co.id/en/surabaya/restaurant/mie-gacoan-genteng-f49fb30b-5b97-41b6-b66c-924da5d72fba/reviews,untuk kemasan kl bisa jgn menggunakan streafoom......krn tidak baik,2.0,Udang Rambutan - Mie Suit,Ordered on 2 April 2023,0,Buruk,,
1701446020-495,https://gofood.co.id/en/surabaya/restaurant/mie-gacoan-genteng-f49fb30b-5b97-41b6-b66c-924da5d72fba/reviews,Mie hompimpa mndingan g ush dmasukin list lah rasanya enek,1.0,Mie Gacoan lv 2 - Mie Hompimpa lv 2 - Udang Rambutan,Ordered on 24 April 2023,0,Buruk,,
1701446020-496,https://gofood.co.id/en/surabaya/restaurant/mie-gacoan-genteng-f49fb30b-5b97-41b6-b66c-924da5d72fba/reviews,"resto lama banget..cuma mie doanggk ada ayamnya,biasanya ada..rasanya juga hambar..lemot mentang"" viral jadi GK ada kualitas makanannya",1.0,Mie Gacoan lv 3 - Mie Gacoan lv 2,Ordered on 24 April 2023,0,Buruk,,
1701446020-497,https://gofood.co.id/en/surabaya/restaurant/mie-gacoan-genteng-f49fb30b-5b97-41b6-b66c-924da5d72fba/reviews,Tp agak sdkt asin,5.0,Mie Suit - Mie Hompimpa lv 2,Ordered on 24 April 2023,0,Buruk,,
1701446020-498,https://gofood.co.id/en/surabaya/restaurant/mie-gacoan-genteng-f49fb30b-5b97-41b6-b66c-924da5d72fba/reviews,enak suka saya.,5.0,Mie Gacoan lv 2,Ordered on 23 April 2023,1,Baik,,
1701446020-499,https://gofood.co.id/en/surabaya/restaurant/mie-gacoan-genteng-f49fb30b-5b97-41b6-b66c-924da5d72fba/reviews,"Sambelnya kecut kek sambel bakso yg udh lama. masa tunggu order lumayan lamaa, tp rasa krg memuaskn. agak kecewa.",2.0,Mie Hompimpa lv 4 - Mie Gacoan lv 2 - Mie Gacoan lv 3 - Udang Keju - Siomay,Ordered on 23 April 2023,0,Buruk,,
1701446020-500,https://gofood.co.id/en/surabaya/restaurant/mie-gacoan-genteng-f49fb30b-5b97-41b6-b66c-924da5d72fba/reviews,sip mantap mie berasa,5.0,Mie Gacoan lv 3 - Mie Gacoan lv 1 - Mie Gacoan lv 2 - Udang Keju,Ordered on 5 April 2023,1,Baik,,
1701446020-501,https://gofood.co.id/en/surabaya/restaurant/mie-gacoan-genteng-f49fb30b-5b97-41b6-b66c-924da5d72fba/reviews,"Selalu enaaaak.. tp skrgie gacoan nya kurang manis, kecapnya agak sdkit jd wrnanya agak putih",4.0,Mie Hompimpa lv 6 - Mie Gacoan lv 6 - Udang Keju - Lumpia Udang,Ordered on 22 April 2023,0,Buruk,,
1701446020-502,https://gofood.co.id/en/surabaya/restaurant/mie-gacoan-genteng-f49fb30b-5b97-41b6-b66c-924da5d72fba/reviews,siomay dan lumpia kok tidak dikasi sumpit...,4.0,Mie Hompimpa lv 1 - Mie Gacoan lv 3 - Siomay - Lumpia Udang,Ordered on 23 April 2023,0,Buruk,,
1701446020-503,https://gofood.co.id/en/surabaya/restaurant/mie-gacoan-genteng-f49fb30b-5b97-41b6-b66c-924da5d72fba/reviews,pedes mbok ga kuat bikin lemes,5.0,Mie Gacoan lv 3 - Mie Gacoan lv 2 - Mie Gacoan lv 0 - Mie Gacoan lv 1 - Udang Rambutan,Ordered on 23 April 2023,1,Baik,,
1701446020-504,https://gofood.co.id/en/surabaya/restaurant/mie-gacoan-genteng-f49fb30b-5b97-41b6-b66c-924da5d72fba/reviews,"enak bangett, lain kali beli disini lagi minnn👍👍👍👍",5.0,Mie Suit - Mie Hompimpa lv 1 - Mie Hompimpa lv 3,Ordered on 23 April 2023,1,Baik,,
1701446020-505,https://gofood.co.id/en/surabaya/restaurant/mie-gacoan-genteng-f49fb30b-5b97-41b6-b66c-924da5d72fba/reviews,"beda sama yang di mojokerto yaa knp,atau emg resep sama mienya produksi nya beda""?",2.0,Mie Gacoan lv 3 - Mie Gacoan lv 0 - Udang Keju - Pangsit,Ordered on 23 April 2023,0,Buruk,,
1701446020-506,https://gofood.co.id/en/surabaya/restaurant/mie-gacoan-genteng-f49fb30b-5b97-41b6-b66c-924da5d72fba/reviews,enak pas gurih porsinya juga pas,5.0,Mie Gacoan lv 3,Ordered on 20 April 2023,1,Baik,,
1701446020-507,https://gofood.co.id/en/surabaya/restaurant/mie-gacoan-genteng-f49fb30b-5b97-41b6-b66c-924da5d72fba/reviews,enak pedes tapi pedes nya nagih,5.0,Mie Gacoan lv 2 - Mie Gacoan lv 6 - Udang Keju,Ordered on 18 April 2023,1,Baik,,
1701446020-508,https://gofood.co.id/en/surabaya/restaurant/mie-gacoan-genteng-f49fb30b-5b97-41b6-b66c-924da5d72fba/reviews,Alhamdulillah pelayanan cepat sampai,5.0,Mie Gacoan lv 4 - Mie Gacoan lv 1 - Mie Gacoan lv 0,Ordered on 20 April 2023,1,Baik,,
1701446020-509,https://gofood.co.id/en/surabaya/restaurant/mie-gacoan-genteng-f49fb30b-5b97-41b6-b66c-924da5d72fba/reviews,"jos,.. beli kesekian kalinya lah ini..",5.0,Mie Gacoan lv 2 - Mie Gacoan lv 0 - Udang Keju,Ordered on 20 April 2023,1,Baik,,
1701446020-510,https://gofood.co.id/en/surabaya/restaurant/mie-gacoan-genteng-f49fb30b-5b97-41b6-b66c-924da5d72fba/reviews,mintak tolong di perbaiki lagi kalok pesen di go food sering keliru nulis levelnya kepedasannya .. waktu itu pesen level 1 sama 4 yang level 1 ditulis level 4 dan sebaliknya ..,4.0,Mie Gacoan lv 1 - Udang Keju - Siomay - Mie Gacoan lv 4,Ordered on 19 April 2023,0,Buruk,,
1701446020-511,https://gofood.co.id/en/surabaya/restaurant/mie-gacoan-genteng-f49fb30b-5b97-41b6-b66c-924da5d72fba/reviews,berminyak terus,4.0,Mie Gacoan lv 1 - Pangsit,Ordered on 18 April 2023,0,Buruk,,
1701446020-512,https://gofood.co.id/en/surabaya/restaurant/mie-gacoan-genteng-f49fb30b-5b97-41b6-b66c-924da5d72fba/reviews,enakkkk sekaliii,5.0,Mie Gacoan lv 2 - Udang Rambutan - Mie Suit,Ordered on 17 April 2023,1,Baik,,
1701446020-513,https://gofood.co.id/en/surabaya/restaurant/mie-gacoan-genteng-f49fb30b-5b97-41b6-b66c-924da5d72fba/reviews,"Mohon resto untuk menyediakan sumpit yang lebih layak ya 🙏🏻, soalnya semua sumpit yang diberikan sejauh ni selalu berbulu",3.0,Mie Gacoan lv 1 - Udang Keju - Lumpia Udang,Ordered on 17 April 2023,0,Buruk,,
1701446020-514,https://gofood.co.id/en/surabaya/restaurant/mie-gacoan-genteng-f49fb30b-5b97-41b6-b66c-924da5d72fba/reviews,bapak ojeknya baik,5.0,Mie Gacoan lv 2 - Mie Gacoan lv 3,Ordered on 16 April 2023,5,Buruk,,
1701446020-515,https://gofood.co.id/en/surabaya/restaurant/mie-gacoan-genteng-f49fb30b-5b97-41b6-b66c-924da5d72fba/reviews,enak lezat murah,4.0,Mie Suit,Ordered on 26 February 2023,1,Baik,,
1701446020-516,https://gofood.co.id/en/surabaya/restaurant/mie-gacoan-genteng-f49fb30b-5b97-41b6-b66c-924da5d72fba/reviews,favorit enakkkkkk BANGETTT,5.0,Mie Suit - Mie Hompimpa lv 2 - Mie Gacoan lv 1,Ordered on 16 April 2023,1,Baik,,
1701446020-517,https://gofood.co.id/en/surabaya/restaurant/mie-gacoan-genteng-f49fb30b-5b97-41b6-b66c-924da5d72fba/reviews,mie nya rasanya kok berbeda yaa kaya biasanya??,4.0,Udang Rambutan - Mie Gacoan lv 4 - Vanila Latte,Ordered on 13 April 2023,0,Buruk,,
1701446020-518,https://gofood.co.id/en/surabaya/restaurant/mie-gacoan-genteng-f49fb30b-5b97-41b6-b66c-924da5d72fba/reviews,oke...........,5.0,Mie Hompimpa lv 3 - Es Petak Umpet - Teh - Lemon Tea,Ordered on 14 April 2023,1,Baik,,
1701446020-519,https://gofood.co.id/en/surabaya/restaurant/mie-gacoan-genteng-f49fb30b-5b97-41b6-b66c-924da5d72fba/reviews,leeee enn bangett the besst wees Joss,5.0,Mie Gacoan lv 1 - Udang Keju,Ordered on 14 April 2023,1,Baik,,
1701446020-520,https://gofood.co.id/en/surabaya/restaurant/mie-gacoan-genteng-f49fb30b-5b97-41b6-b66c-924da5d72fba/reviews,sangat menikmati,5.0,Mie Gacoan lv 0 - Mie Gacoan lv 1,Ordered on 14 April 2023,1,Baik,,
1701446020-521,https://gofood.co.id/en/surabaya/restaurant/mie-gacoan-genteng-f49fb30b-5b97-41b6-b66c-924da5d72fba/reviews,"Mie nya makin TIPIS , jadi teksturnya terlalu jemek , kyk terlalu mateng efek mie nya semakin tipis .",1.0,Mie Hompimpa lv 1 - Mie Gacoan lv 1 - Siomay - Lumpia Udang - Udang Rambutan,Ordered on 14 April 2023,0,Buruk,,
1701446020-522,https://gofood.co.id/en/surabaya/restaurant/mie-gacoan-genteng-f49fb30b-5b97-41b6-b66c-924da5d72fba/reviews,terimakasih untuk driver yang sudah rela menunggu pesanan berlama lama😁 semoga selalu dalam lindungan allah dan selalu dilancarkan rejekinya ya pak,5.0,Mie Gacoan lv 2 - Udang Keju - Thai Green Tea,Ordered on 14 April 2023,5,Buruk,,
1701446020-523,https://gofood.co.id/en/surabaya/restaurant/mie-gacoan-genteng-f49fb30b-5b97-41b6-b66c-924da5d72fba/reviews,kalo nyiapin gaperna di cek duulu. pesen apa kirimnya yg apa,1.0,Mie Gacoan lv 6,Ordered on 14 April 2023,0,Buruk,,
1701446020-524,https://gofood.co.id/en/surabaya/restaurant/mie-gacoan-genteng-f49fb30b-5b97-41b6-b66c-924da5d72fba/reviews,mwanteeebbb puuoll,5.0,Mie Gacoan lv 1 - Mie Gacoan lv 2 - Udang Rambutan - Udang Keju - Mie Gacoan lv 4,Ordered on 13 April 2023,1,Baik,,
1701446020-525,https://gofood.co.id/en/surabaya/restaurant/mie-gacoan-genteng-f49fb30b-5b97-41b6-b66c-924da5d72fba/reviews,minta teh tawar dikasih teh manis,1.0,Udang Keju - Lumpia Udang - Teh,Ordered on 13 April 2023,0,Buruk,,
1701446020-526,https://gofood.co.id/en/surabaya/restaurant/mie-gacoan-genteng-f49fb30b-5b97-41b6-b66c-924da5d72fba/reviews,pesanan yang tadang salah,1.0,Mie Gacoan lv 1 - Lumpia Udang - Coklat,Ordered on 12 April 2023,0,Buruk,,
1701446020-527,https://gofood.co.id/en/surabaya/restaurant/mie-gacoan-genteng-f49fb30b-5b97-41b6-b66c-924da5d72fba/reviews,enakkkkkk poollll,5.0,Mie Gacoan lv 2 - Udang Keju,Ordered on 11 April 2023,1,Baik,,
1701446020-528,https://gofood.co.id/en/surabaya/restaurant/mie-gacoan-genteng-f49fb30b-5b97-41b6-b66c-924da5d72fba/reviews,enak sekali mantap,5.0,Mie Gacoan lv 6 - Udang Keju,Ordered on 11 April 2023,1,Baik,,
1701446020-529,https://gofood.co.id/en/surabaya/restaurant/mie-gacoan-genteng-f49fb30b-5b97-41b6-b66c-924da5d72fba/reviews,sangat lama yang harus di perbaiki mungkin kecepatan pemesanan saja,2.0,Mie Suit - Mie Gacoan lv 6 - Udang Rambutan,Ordered on 11 April 2023,0,Buruk,,
1701446020-530,https://gofood.co.id/en/surabaya/restaurant/mie-gacoan-genteng-f49fb30b-5b97-41b6-b66c-924da5d72fba/reviews,kurirx baik dan sopan👍,5.0,Mie Gacoan lv 1 - Mie Gacoan lv 4 - Udang Keju,Ordered on 8 April 2023,5,Buruk,,
1701446020-531,https://gofood.co.id/en/surabaya/restaurant/mie-gacoan-genteng-f49fb30b-5b97-41b6-b66c-924da5d72fba/reviews,enak bangettttttttttttttttt,5.0,Mie Gacoan lv 2 - Mie Gacoan lv 0 - Udang Keju,Ordered on 3 March 2023,1,Baik,,
1701446020-532,https://gofood.co.id/en/surabaya/restaurant/mie-gacoan-genteng-f49fb30b-5b97-41b6-b66c-924da5d72fba/reviews,"ada karet di mienya, padahal baru buka. Untung liat😭posisi dtg jam set2 malem jg",3.0,Mie Gacoan lv 6 - Mie Gacoan lv 4 - Udang Keju - Lumpia Udang,Ordered on 11 April 2023,0,Buruk,,
1701446020-533,https://gofood.co.id/en/surabaya/restaurant/mie-gacoan-genteng-f49fb30b-5b97-41b6-b66c-924da5d72fba/reviews,enak sih sayang lama mungkin krna antrinya banyk yg beli tapi intinya aq suka,5.0,Mie Hompimpa lv 1 - Mie Gacoan lv 2,Ordered on 10 April 2023,0,Buruk,,
1701446020-534,https://gofood.co.id/en/surabaya/restaurant/mie-gacoan-genteng-f49fb30b-5b97-41b6-b66c-924da5d72fba/reviews,"mantap rasanya, sampai rumah masih anget",5.0,Mie Gacoan lv 1 - Mie Suit - Mie Hompimpa lv 3 - Udang Keju - Pangsit - Mie Hompimpa lv 1,Ordered on 21 March 2023,1,Baik,,
1701446020-535,https://gofood.co.id/en/surabaya/restaurant/mie-gacoan-genteng-f49fb30b-5b97-41b6-b66c-924da5d72fba/reviews,rasanya mantul banget,5.0,Mie Gacoan lv 2 - Mie Gacoan lv 1,Ordered on 5 April 2023,1,Baik,,
1701446020-536,https://gofood.co.id/en/surabaya/restaurant/mie-gacoan-genteng-f49fb30b-5b97-41b6-b66c-924da5d72fba/reviews,recommended mantap banget,5.0,Mie Suit - Mie Hompimpa lv 2 - Mie Gacoan lv 4 - Lumpia Udang - Udang Keju,Ordered on 8 April 2023,1,Baik,,
1701446020-537,https://gofood.co.id/en/surabaya/restaurant/mie-gacoan-genteng-f49fb30b-5b97-41b6-b66c-924da5d72fba/reviews,"sampainya cepet, mantep pakk",5.0,Mie Gacoan lv 0 - Udang Keju - Es Petak Umpet,Ordered on 8 April 2023,1,Baik,,
1701446020-538,https://gofood.co.id/en/surabaya/restaurant/mie-gacoan-genteng-f49fb30b-5b97-41b6-b66c-924da5d72fba/reviews,"makanan gak layak dijual ke pelanggan, maaf tapi kenyataan makanan rasanya hambar tidak fresh pangsit juga udah melempem gak enak terima kasih",1.0,Mie Gacoan lv 2 - Mie Gacoan lv 0 - Pangsit,Ordered on 7 April 2023,0,Buruk,,
1701446020-539,https://gofood.co.id/en/surabaya/restaurant/mie-gacoan-genteng-f49fb30b-5b97-41b6-b66c-924da5d72fba/reviews,minta tambah saos untuk dimsum tapi ga boleh sama restonya,4.0,Mie Gacoan lv 2 - Udang Rambutan - Lumpia Udang,Ordered on 7 April 2023,0,Buruk,,
1701446020-540,https://gofood.co.id/en/surabaya/restaurant/mie-gacoan-genteng-f49fb30b-5b97-41b6-b66c-924da5d72fba/reviews,enak mantul n murah,5.0,Mie Hompimpa lv 2 - Mie Hompimpa lv 4 - Siomay - Udang Rambutan - Pangsit - Mie Gacoan lv 8,Ordered on 7 April 2023,1,Baik,,
1701446020-541,https://gofood.co.id/en/surabaya/restaurant/mie-gacoan-genteng-f49fb30b-5b97-41b6-b66c-924da5d72fba/reviews,"sterofoam ancur, minyaknya kemana-mana, padahal udah nunggu lama",1.0,Mie Gacoan lv 1 - Lumpia Udang,Ordered on 7 April 2023,0,Buruk,,
1701446020-542,https://gofood.co.id/en/surabaya/restaurant/mie-gacoan-genteng-f49fb30b-5b97-41b6-b66c-924da5d72fba/reviews,Tapi ga dikasih alat makan:(,5.0,Mie Gacoan lv 2 - Mie Gacoan lv 4 - Siomay - Udang Keju - Milo,Ordered on 6 April 2023,0,Buruk,,
1701446020-543,https://gofood.co.id/en/surabaya/restaurant/mie-gacoan-genteng-f49fb30b-5b97-41b6-b66c-924da5d72fba/reviews,ngak ada sumpit,1.0,Mie Gacoan lv 1 - Mie Gacoan lv 2,Ordered on 6 April 2023,0,Buruk,,
1701446020-544,https://gofood.co.id/en/surabaya/restaurant/mie-gacoan-genteng-f49fb30b-5b97-41b6-b66c-924da5d72fba/reviews,tlng di lbhkn porsinya biar mantap,5.0,Mie Gacoan lv 0,Ordered on 6 April 2023,0,Buruk,,
1701446020-545,https://gofood.co.id/en/surabaya/restaurant/mie-gacoan-genteng-f49fb30b-5b97-41b6-b66c-924da5d72fba/reviews,"udang kejunya aga kecil yah skrng, soalnyapas beli langsung rada gede tpi ttp enak kok enak bangett",5.0,Udang Keju - Pangsit,Ordered on 6 April 2023,0,Buruk,,
1701446020-546,https://gofood.co.id/en/surabaya/restaurant/mie-gacoan-genteng-f49fb30b-5b97-41b6-b66c-924da5d72fba/reviews,pesen level 6 yg datang level 0,1.0,Mie Gacoan lv 6 - Mie Hompimpa lv 1 - Udang Keju - Milo - Es Gobak Sodor,Ordered on 5 April 2023,0,Buruk,,
1701446020-547,https://gofood.co.id/en/surabaya/restaurant/mie-gacoan-genteng-f49fb30b-5b97-41b6-b66c-924da5d72fba/reviews,"kali ini udah ada perbaikan. mie nya pas, kecap sama pedesnya pas. semuanya udah bagus. di pertahanin ya👍 semangat✨",5.0,Mie Gacoan lv 1 - Mie Gacoan lv 3 - Mie Gacoan lv 2 - Mie Gacoan lv 0,Ordered on 4 April 2023,1,Baik,,
1701446020-548,https://gofood.co.id/en/surabaya/restaurant/mie-gacoan-genteng-f49fb30b-5b97-41b6-b66c-924da5d72fba/reviews,ga pernah bosen.. mantap ✨,5.0,Mie Gacoan lv 1 - Udang Rambutan - Es Petak Umpet - Mie Hompimpa lv 4,Ordered on 4 April 2023,1,Baik,,
1701446020-549,https://gofood.co.id/en/surabaya/restaurant/mie-gacoan-genteng-f49fb30b-5b97-41b6-b66c-924da5d72fba/reviews,"thanks rasanya wenak,cuman kadang yang bikin gaenak sumpitnya banyak sari kayu yang keluar",5.0,Mie Gacoan lv 2 - Lumpia Udang,Ordered on 2 April 2023,1,Baik,,
1701446020-550,https://gofood.co.id/en/surabaya/restaurant/mie-gacoan-genteng-f49fb30b-5b97-41b6-b66c-924da5d72fba/reviews,minta mie gacoan dikasih mie hompimpa😢,4.0,Udang Keju - Lemon Tea - Mie Gacoan lv 1,Ordered on 4 April 2023,0,Buruk,,
1701446020-551,https://gofood.co.id/en/surabaya/restaurant/mie-gacoan-genteng-f49fb30b-5b97-41b6-b66c-924da5d72fba/reviews,"Ok siip, lain kali ditambahin donk saus utk udang keju/rambutan nya. Makasih",5.0,Thai Tea Ori - Es Gobak Sodor - Mie Gacoan lv 1 - Udang Rambutan - Udang Keju - Teh,Ordered on 3 April 2023,1,Baik,,
1701446020-552,https://gofood.co.id/en/surabaya/restaurant/mie-gacoan-genteng-f49fb30b-5b97-41b6-b66c-924da5d72fba/reviews,"MUANTAP MIN, pedesnya kayak omongan tetangga 🥰😱 tolong jadikan sy BA biar makan gacoan tiap detik💋 ENAK BGT INI GA BOONG SUER✌️ minusnya itu sumpitnya kayak tahun 1234, lain kali pakai sekrop aj min biar puas makannya💋💋🥰🥰😋😋😋🎉🎉🎉",5.0,Mie Gacoan lv 1 - Mie Suit,Ordered on 3 April 2023,1,Baik,,
1701446020-553,https://gofood.co.id/en/surabaya/restaurant/mie-gacoan-genteng-f49fb30b-5b97-41b6-b66c-924da5d72fba/reviews,"enak banget, tapi emang sempat tumpah dikit minumannya",4.0,Lemon Tea - Udang Keju - Mie Suit,Ordered on 3 April 2023,0,Buruk,,
1701446020-554,https://gofood.co.id/en/surabaya/restaurant/mie-gacoan-genteng-f49fb30b-5b97-41b6-b66c-924da5d72fba/reviews,"rasanya hambar, mie nya kurang matang, tolong diperbaiki ya🙏🏻",2.0,Mie Hompimpa lv 2 - Siomay - Udang Keju,Ordered on 3 April 2023,0,Buruk,,
1701446020-555,https://gofood.co.id/en/surabaya/restaurant/mie-gacoan-genteng-f49fb30b-5b97-41b6-b66c-924da5d72fba/reviews,"tak perlu kata kata, yang penting enaknya nyata",5.0,Mie Gacoan lv 8 - Udang Rambutan,Ordered on 2 April 2023,1,Baik,,
1701446020-556,https://gofood.co.id/en/surabaya/restaurant/mie-gacoan-genteng-f49fb30b-5b97-41b6-b66c-924da5d72fba/reviews,uenak... mantab rasa,5.0,Mie Gacoan lv 0 - Mie Gacoan lv 1 - Mie Gacoan lv 6 - Udang Rambutan - Lumpia Udang,Ordered on 1 April 2023,1,Baik,,
1701446020-557,https://gofood.co.id/en/surabaya/restaurant/mie-gacoan-genteng-f49fb30b-5b97-41b6-b66c-924da5d72fba/reviews,rasanya sih ya kayak biasanya tapi minyaknya itu loh... sampe keluar kemana-mana. di mie maupun sidedishnya. tolong lain kali diperhatikan lagi ya.,4.0,Udang Keju - Mie Gacoan lv 3 - Udang Rambutan,Ordered on 6 March 2023,0,Buruk,,
1701446020-558,https://gofood.co.id/en/surabaya/restaurant/mie-gacoan-genteng-f49fb30b-5b97-41b6-b66c-924da5d72fba/reviews,rasanya bedaa bgtt ga kya biasanya hambar para jd kya makan miee yang kematengennn jdi tu mie nya kyaa terlalu apa yaa benyeyekk gtuu de pokoknyaa mana gda rasanya hambarrrr ga ena bgtttt,1.0,Mie Gacoan lv 2 - Udang Rambutan - Udang Keju,Ordered on 2 April 2023,0,Buruk,,
1701446020-559,https://gofood.co.id/en/surabaya/restaurant/mie-gacoan-genteng-f49fb30b-5b97-41b6-b66c-924da5d72fba/reviews,mie nya overcook jadi lembek gk kayak biasa nya....ayamnya sekarang dikit banget ...itu aja sih,4.0,Mie Hompimpa lv 2 - Mie Gacoan lv 2 - Lumpia Udang - Udang Keju,Ordered on 30 March 2023,0,Buruk,,
1701446020-560,https://gofood.co.id/en/surabaya/restaurant/mie-gacoan-genteng-f49fb30b-5b97-41b6-b66c-924da5d72fba/reviews,miex sama semua pedesx level 1 Ama level 3,4.0,Mie Gacoan lv 1 - Mie Gacoan lv 3 - Udang Rambutan,Ordered on 1 April 2023,0,Buruk,,
1701446020-561,https://gofood.co.id/en/surabaya/restaurant/mie-gacoan-genteng-f49fb30b-5b97-41b6-b66c-924da5d72fba/reviews,"udah cukup kok, tinggal kebersihan kemasannya aja",4.0,Mie Gacoan lv 2 - Mie Gacoan lv 0 - Udang Keju - Udang Rambutan,Ordered on 1 April 2023,0,Buruk,,
1701446020-562,https://gofood.co.id/en/surabaya/restaurant/mie-gacoan-genteng-f49fb30b-5b97-41b6-b66c-924da5d72fba/reviews,"Mie-nya mantap, cuma porsinya saja yang kurang 😄. Lauk pelengkapnya juga oke, yang paling favorit sepertinya udang keju dan lumpia udang.",4.0,Mie Gacoan lv 0 - Siomay - Udang Rambutan - Udang Keju - Pangsit - Lumpia Udang,Ordered on 1 April 2023,1,Baik,,
1701446020-563,https://gofood.co.id/en/surabaya/restaurant/mie-gacoan-genteng-f49fb30b-5b97-41b6-b66c-924da5d72fba/reviews,Gak di kasih sumpit...pas di hotel lagi..terpaksa makan pakai tangan,3.0,Mie Gacoan lv 0 - Mie Gacoan lv 2 - Es Gobak Sodor,Ordered on 31 March 2023,0,Buruk,,
1701446020-564,https://gofood.co.id/en/surabaya/restaurant/mie-gacoan-genteng-f49fb30b-5b97-41b6-b66c-924da5d72fba/reviews,Kaget mie gacoan yg skrg kok uwenakk,5.0,Mie Gacoan lv 8 - Mie Gacoan lv 3,Ordered on 12 March 2023,1,Baik,,
1701446020-565,https://gofood.co.id/en/surabaya/restaurant/mie-gacoan-genteng-f49fb30b-5b97-41b6-b66c-924da5d72fba/reviews,"lemon tea nya mana ya kak kok ga ada, padahal dinota ada huhhh kecewa bgt, mana yg mie hompimpa level 1 cabe nya banyak bgt",1.0,Mie Hompimpa lv 1 - Mie Gacoan lv 1 - Udang Keju - Lumpia Udang - Thai Green Tea - Lemon Tea,Ordered on 31 March 2023,0,Buruk,,
1701446020-566,https://gofood.co.id/en/surabaya/restaurant/mie-gacoan-genteng-f49fb30b-5b97-41b6-b66c-924da5d72fba/reviews,"Keterangan lvl 6 tpi gk ada lomboknya sma skali . , gk pedes pdhal pesen gacoan krn lgi pengen makan yg pedes” malah yg dtg gk pedes sma skali",2.0,Mie Gacoan lv 6 - Udang Keju - Lumpia Udang - Es Petak Umpet,Ordered on 31 March 2023,0,Buruk,,
1701446020-567,https://gofood.co.id/en/surabaya/restaurant/mie-gacoan-genteng-f49fb30b-5b97-41b6-b66c-924da5d72fba/reviews,muuaasookk moooaaasss,5.0,Mie Gacoan lv 2 - Es Sluku Bathok,Ordered on 27 March 2023,1,Baik,,
1701446020-568,https://gofood.co.id/en/surabaya/restaurant/mie-gacoan-genteng-f49fb30b-5b97-41b6-b66c-924da5d72fba/reviews,untuk level 2 nya serem pedasnya,5.0,Lemon Tea - Mie Hompimpa lv 4 - Mie Gacoan lv 2,Ordered on 29 March 2023,1,Baik,,
1701446020-569,https://gofood.co.id/en/surabaya/restaurant/mie-gacoan-genteng-f49fb30b-5b97-41b6-b66c-924da5d72fba/reviews,Syuka selalu dengan rasa masakan yg tetap berkualitas. juga porsi yg banyak 👍🏻,5.0,Mie Gacoan lv 0 - Udang Rambutan - Udang Keju - Mie Gacoan lv 1,Ordered on 29 March 2023,1,Baik,,
1701446020-570,https://gofood.co.id/en/surabaya/restaurant/mie-gacoan-genteng-f49fb30b-5b97-41b6-b66c-924da5d72fba/reviews,enak kok langganan udang kejunya,5.0,Udang Keju,Ordered on 29 March 2023,1,Baik,,
1701446020-571,https://gofood.co.id/en/surabaya/restaurant/mie-gacoan-genteng-f49fb30b-5b97-41b6-b66c-924da5d72fba/reviews,"sumpit nya 1,ku kira 2",1.0,Mie Gacoan lv 0 - Mie Gacoan lv 1,Ordered on 28 March 2023,0,Buruk,,
1701446020-572,https://gofood.co.id/en/surabaya/restaurant/mie-gacoan-genteng-f49fb30b-5b97-41b6-b66c-924da5d72fba/reviews,rasa mie gacoan nya bikin ketagihan meskipun pedes bngett,5.0,Mie Hompimpa lv 2 - Udang Rambutan,Ordered on 19 February 2023,1,Baik,,
1701446020-573,https://gofood.co.id/en/surabaya/restaurant/mie-gacoan-genteng-f49fb30b-5b97-41b6-b66c-924da5d72fba/reviews,mantap broooooooo,5.0,Mie Gacoan lv 1 - Udang Keju - Thai Green Tea,Ordered on 28 March 2023,1,Baik,,
1701446020-574,https://gofood.co.id/en/surabaya/restaurant/mie-gacoan-genteng-f49fb30b-5b97-41b6-b66c-924da5d72fba/reviews,kurang manis saya minta tambah sambal gk dikasih,3.0,Mie Gacoan lv 6 - Udang Keju,Ordered on 27 March 2023,0,Buruk,,
1701446020-575,https://gofood.co.id/en/surabaya/restaurant/mie-gacoan-genteng-f49fb30b-5b97-41b6-b66c-924da5d72fba/reviews,gak dikasih sumpit,4.0,Mie Gacoan lv 6,Ordered on 27 March 2023,0,Buruk,,
1701446020-576,https://gofood.co.id/en/surabaya/restaurant/mie-gacoan-genteng-f49fb30b-5b97-41b6-b66c-924da5d72fba/reviews,enakk bngettt!!,5.0,Mie Hompimpa lv 4,Ordered on 21 March 2023,1,Baik,,
1701446020-577,https://gofood.co.id/en/surabaya/restaurant/mie-gacoan-genteng-f49fb30b-5b97-41b6-b66c-924da5d72fba/reviews,GACOAN EMANG SLLU ENAK,5.0,Mie Gacoan lv 4 - Udang Keju - Es Teklek,Ordered on 25 March 2023,1,Baik,,
1701446020-578,https://gofood.co.id/en/surabaya/restaurant/mie-gacoan-genteng-f49fb30b-5b97-41b6-b66c-924da5d72fba/reviews,mantap betul ... lezat,5.0,Mie Suit - Udang Rambutan - Lumpia Udang,Ordered on 26 March 2023,1,Baik,,
1701446020-579,https://gofood.co.id/en/surabaya/restaurant/mie-gacoan-genteng-f49fb30b-5b97-41b6-b66c-924da5d72fba/reviews,"Request tidak dipenuhi sama sekali, mohon lebih diperhatikan notesnya",5.0,Mie Suit - Udang Keju - Es Teklek - Teh,Ordered on 21 March 2023,0,Buruk,,
1701446020-580,https://gofood.co.id/en/surabaya/restaurant/mie-gacoan-genteng-f49fb30b-5b97-41b6-b66c-924da5d72fba/reviews,Saya pesan yang level 0 malah dateng level 5,1.0,Mie Gacoan lv 0 - Es Petak Umpet,Ordered on 22 March 2023,0,Buruk,,
1701446020-581,https://gofood.co.id/en/surabaya/restaurant/mie-gacoan-genteng-f49fb30b-5b97-41b6-b66c-924da5d72fba/reviews,Enak banget rasanya,5.0,Mie Hompimpa lv 2 - Mie Hompimpa lv 3,Ordered on 22 March 2023,1,Baik,,
1701446020-582,https://gofood.co.id/en/surabaya/restaurant/mie-gacoan-genteng-f49fb30b-5b97-41b6-b66c-924da5d72fba/reviews,is the best kurir nya,5.0,Mie Gacoan lv 0 - Mie Gacoan lv 1 - Mie Gacoan lv 2,Ordered on 22 March 2023,5,Buruk,,
1701446020-583,https://gofood.co.id/en/surabaya/restaurant/mie-gacoan-genteng-f49fb30b-5b97-41b6-b66c-924da5d72fba/reviews,pedasnya mntaffff,5.0,Mie Gacoan lv 2 - Mie Gacoan lv 4 - Lumpia Udang,Ordered on 22 March 2023,1,Baik,,
1701446020-584,https://gofood.co.id/en/surabaya/restaurant/mie-gacoan-genteng-f49fb30b-5b97-41b6-b66c-924da5d72fba/reviews,mienya lembek kurang kecapnya tapi tetep enak sih,4.0,Mie Gacoan lv 3,Ordered on 22 March 2023,0,Buruk,,
1701446020-585,https://gofood.co.id/en/surabaya/restaurant/mie-gacoan-genteng-f49fb30b-5b97-41b6-b66c-924da5d72fba/reviews,Enak sekali rasanya,5.0,Mie Suit - Mie Hompimpa lv 2 - Lumpia Udang - Udang Keju - Es Sluku Bathok,Ordered on 22 March 2023,1,Baik,,
1701446020-586,https://gofood.co.id/en/surabaya/restaurant/mie-gacoan-genteng-f49fb30b-5b97-41b6-b66c-924da5d72fba/reviews,"enak mantab, recomen rasanya pas bangeet",5.0,Mie Gacoan lv 1,Ordered on 21 March 2023,1,Baik,,
1701446020-587,https://gofood.co.id/en/surabaya/restaurant/mie-gacoan-genteng-f49fb30b-5b97-41b6-b66c-924da5d72fba/reviews,love sama mie gacoan,5.0,Mie Hompimpa lv 2 - Lumpia Udang - Orange,Ordered on 21 March 2023,1,Baik,,
1701446020-588,https://gofood.co.id/en/surabaya/restaurant/mie-gacoan-genteng-f49fb30b-5b97-41b6-b66c-924da5d72fba/reviews,makasih gojek nya baik,5.0,Mie Gacoan lv 2 - Udang Rambutan - Pangsit,Ordered on 20 March 2023,5,Buruk,,
1701446020-589,https://gofood.co.id/en/surabaya/restaurant/mie-gacoan-genteng-f49fb30b-5b97-41b6-b66c-924da5d72fba/reviews,pedasnya kurang😥,4.0,Mie Gacoan lv 2 - Mie Hompimpa lv 1 - Mie Gacoan lv 1 - Mie Gacoan lv 3 - Mie Hompimpa lv 3,Ordered on 21 March 2023,0,Buruk,,
1701446020-590,https://gofood.co.id/en/surabaya/restaurant/mie-gacoan-genteng-f49fb30b-5b97-41b6-b66c-924da5d72fba/reviews,"mohon maaf, Pangsit gorengnya rasanya tengik (kemungkinan sisa kemarin yang dipanaskan atau minyak yang di gunakan sudah sangat kotor)",4.0,Mie Hompimpa lv 4 - Mie Gacoan lv 1 - Udang Rambutan - Udang Keju - Thai Green Tea - Thai Tea Ori,Ordered on 16 March 2023,0,Buruk,,
1701446020-591,https://gofood.co.id/en/surabaya/restaurant/mie-gacoan-genteng-f49fb30b-5b97-41b6-b66c-924da5d72fba/reviews,mienya agak basi untuk udang keju selalu top,2.0,Mie Suit - Mie Gacoan lv 1 - Udang Keju - Siomay,Ordered on 19 March 2023,0,Buruk,,
1701446020-592,https://gofood.co.id/en/surabaya/restaurant/mie-gacoan-genteng-f49fb30b-5b97-41b6-b66c-924da5d72fba/reviews,"kepedesan, level 1 seperti level 4.  tolong dikurangin dikit untuk pedesnya level 1",4.0,Mie Gacoan lv 6 - Mie Gacoan lv 1 - Mie Gacoan lv 0 - Lumpia Udang - Udang Keju - Udang Rambutan,Ordered on 19 March 2023,0,Buruk,,
1701446020-593,https://gofood.co.id/en/surabaya/restaurant/mie-gacoan-genteng-f49fb30b-5b97-41b6-b66c-924da5d72fba/reviews,"mie gacoan, still best choice buat makan mie sih,, ga pernah mengecewakan",5.0,Mie Hompimpa lv 2 - Mie Gacoan lv 2 - Siomay - Udang Rambutan - Pangsit - Lumpia Udang - Teh Tarik,Ordered on 25 February 2023,1,Baik,,
1701446020-594,https://gofood.co.id/en/surabaya/restaurant/mie-gacoan-genteng-f49fb30b-5b97-41b6-b66c-924da5d72fba/reviews,mantab...tingkatkan terus kualitas nya,5.0,Mie Hompimpa lv 3 - Mie Gacoan lv 3,Ordered on 9 March 2023,1,Baik,,
1701446020-595,https://gofood.co.id/en/surabaya/restaurant/mie-gacoan-genteng-f49fb30b-5b97-41b6-b66c-924da5d72fba/reviews,"tolong lain Kali dicek lagi. saya pesan miie gacoan level 1#1 level 4 #2 level 2#1 siomay,udang keju #1..yang datang gacoan level q lv#3green tea 4 .tidak sesuai pesanan saya.no pesanan gojek saya F-2046508451. LAPORAN KAMI LAMPIRKAN BERSERTA FOTO BON DAN FOTO MAKANAN",1.0,Mie Gacoan lv 1 - Mie Gacoan lv 4 - Mie Gacoan lv 2 - Siomay - Udang Keju,Ordered on 17 March 2023,0,Buruk,,
1701446020-596,https://gofood.co.id/en/surabaya/restaurant/mie-gacoan-genteng-f49fb30b-5b97-41b6-b66c-924da5d72fba/reviews,ditunggu buka di pamekasan,5.0,Mie Gacoan lv 4 - Mie Gacoan lv 0,Ordered on 17 March 2023,5,Buruk,,
1701446020-597,https://gofood.co.id/en/surabaya/restaurant/mie-gacoan-genteng-f49fb30b-5b97-41b6-b66c-924da5d72fba/reviews,lope lope dech pokoknya,5.0,Mie Gacoan lv 1,Ordered on 13 March 2023,1,Baik,,
1701446020-598,https://gofood.co.id/en/surabaya/restaurant/mie-gacoan-genteng-f49fb30b-5b97-41b6-b66c-924da5d72fba/reviews,sayang sekali mienya terlalu matang n taburan ayamnya jg ga kliatan sdikit sekali pdhal sbelum2nya ga mengecewakan,4.0,Mie Hompimpa lv 2 - Udang Rambutan - Mie Gacoan lv 1 - Es Gobak Sodor - Lumpia Udang - Mie Suit,Ordered on 16 March 2023,0,Buruk,,
1701446020-599,https://gofood.co.id/en/surabaya/restaurant/mie-gacoan-genteng-f49fb30b-5b97-41b6-b66c-924da5d72fba/reviews,tidak ada extra saus padahal udah dinote.,5.0,Mie Gacoan lv 3 - Mie Gacoan lv 2 - Pangsit - Mie Gacoan lv 0 - Udang Rambutan - Thai Green Tea - Mie Gacoan lv 4,Ordered on 17 March 2023,0,Buruk,,
1701446020-600,https://gofood.co.id/en/surabaya/restaurant/mie-gacoan-genteng-f49fb30b-5b97-41b6-b66c-924da5d72fba/reviews,pesen lvl 3 dikirim level 6,1.0,Mie Gacoan lv 3 - Mie Gacoan lv 0 - Udang Keju - Teh,Ordered on 16 March 2023,0,Buruk,,
1701446020-601,https://gofood.co.id/en/surabaya/restaurant/mie-gacoan-genteng-f49fb30b-5b97-41b6-b66c-924da5d72fba/reviews,"Mie'nya salah, yang saya pesan Lv. 0 dan Lv. 2 tapi yang datang Lv. 0 semua",2.0,Mie Gacoan lv 2 - Udang Keju - Es Gobak Sodor - Lumpia Udang - Mie Gacoan lv 0,Ordered on 15 March 2023,0,Buruk,,
1701446020-602,https://gofood.co.id/en/surabaya/restaurant/mie-gacoan-genteng-f49fb30b-5b97-41b6-b66c-924da5d72fba/reviews,SETIAP BELI SLALU DIBERI TULISAN DICATATAN TANPA DAUN BAWANG TIAP DATANG SLALU ADA DAUN BAWANG INI KARYAWANNYA GK BISA BACA ATAU EMANG GK MAU BACA CATATAN!!! PERCUMA KITA NULIS DICATATAN TAPI KALAU GK DIBACA!!!!!MAIN LANGSUNG NYIAPIN AJA TANPA BACA CATATAN CUSTOMER!!! INI JG DEMI KENYAMANAN CUSTOMER MAKAN!!!!,4.0,Mie Gacoan lv 0 - Mie Gacoan lv 1 - Udang Rambutan,Ordered on 15 March 2023,0,Buruk,,
1701446020-603,https://gofood.co.id/en/surabaya/restaurant/mie-gacoan-genteng-f49fb30b-5b97-41b6-b66c-924da5d72fba/reviews,delicious food in Surabaya,5.0,Mie Suit - Siomay,Ordered on 15 March 2023,1,Baik,,
1701446020-604,https://gofood.co.id/en/surabaya/restaurant/mie-gacoan-genteng-f49fb30b-5b97-41b6-b66c-924da5d72fba/reviews,pesanan saya tidak sesuai,1.0,Mie Hompimpa lv 8 - Udang Rambutan,Ordered on 14 March 2023,0,Buruk,,
1701446020-605,https://gofood.co.id/en/surabaya/restaurant/mie-gacoan-genteng-f49fb30b-5b97-41b6-b66c-924da5d72fba/reviews,Enak dan Murah,5.0,Mie Suit - Mie Gacoan lv 1 - Mie Gacoan lv 6 - Udang Keju - Pangsit - Lumpia Udang,Ordered on 14 March 2023,1,Baik,,
1701446020-606,https://gofood.co.id/en/surabaya/restaurant/mie-gacoan-genteng-f49fb30b-5b97-41b6-b66c-924da5d72fba/reviews,"enak rasanya, porsinya juga banyak",5.0,Mie Gacoan lv 2 - Mie Hompimpa lv 2 - Mie Gacoan lv 1 - Mie Gacoan lv 3 - Udang Keju,Ordered on 14 March 2023,1,Baik,,
1701446020-607,https://gofood.co.id/en/surabaya/restaurant/mie-gacoan-genteng-f49fb30b-5b97-41b6-b66c-924da5d72fba/reviews,pas harganya...pas enaknya,5.0,Mie Gacoan lv 1 - Orange - Siomay,Ordered on 14 March 2023,1,Baik,,
1701446020-608,https://gofood.co.id/en/surabaya/restaurant/mie-gacoan-genteng-f49fb30b-5b97-41b6-b66c-924da5d72fba/reviews,lupa tidak dkcih sumpit,4.0,Mie Hompimpa lv 4 - Udang Keju - Thai Green Tea,Ordered on 13 March 2023,0,Buruk,,
1701446020-609,https://gofood.co.id/en/surabaya/restaurant/mie-gacoan-genteng-f49fb30b-5b97-41b6-b66c-924da5d72fba/reviews,kurang banyak porsinya,3.0,Siomay - Pangsit,Ordered on 13 March 2023,0,Buruk,,
1701446020-610,https://gofood.co.id/en/surabaya/restaurant/mie-gacoan-genteng-f49fb30b-5b97-41b6-b66c-924da5d72fba/reviews,saran tambahkan sayuran juga minimal selada,3.0,Mie Gacoan lv 4 - Mie Gacoan lv 2,Ordered on 13 March 2023,0,Buruk,,
1701446020-611,https://gofood.co.id/en/surabaya/restaurant/mie-gacoan-genteng-f49fb30b-5b97-41b6-b66c-924da5d72fba/reviews,promo terus ya biar makin seru,5.0,Mie Gacoan lv 2 - Mie Gacoan lv 1 - Mie Gacoan lv 3,Ordered on 23 February 2023,5,Buruk,,
1701446020-612,https://gofood.co.id/en/surabaya/restaurant/mie-gacoan-genteng-f49fb30b-5b97-41b6-b66c-924da5d72fba/reviews,enak kak makanannya,4.0,Teh - Mie Gacoan lv 1 - Mie Gacoan lv 2 - Milo - Lemon Tea,Ordered on 12 March 2023,1,Baik,,
1701446020-613,https://gofood.co.id/en/surabaya/restaurant/mie-gacoan-genteng-f49fb30b-5b97-41b6-b66c-924da5d72fba/reviews,pedes bgt harusnya td pesen level 2 tapi enak hihi,5.0,Mie Gacoan lv 3 - Udang Rambutan,Ordered on 12 March 2023,1,Baik,,
1701446020-614,https://gofood.co.id/en/surabaya/restaurant/mie-gacoan-genteng-f49fb30b-5b97-41b6-b66c-924da5d72fba/reviews,puedese poll..mantaap 👍,4.0,Mie Gacoan lv 4 - Udang Keju - Es Teklek,Ordered on 25 February 2023,1,Baik,,
1701446020-615,https://gofood.co.id/en/surabaya/restaurant/mie-gacoan-genteng-f49fb30b-5b97-41b6-b66c-924da5d72fba/reviews,Mantap banget cuy,5.0,Mie Hompimpa lv 2 - Lemon Tea - Es Petak Umpet,Ordered on 12 March 2023,1,Baik,,
1701446020-616,https://gofood.co.id/en/surabaya/restaurant/mie-gacoan-genteng-f49fb30b-5b97-41b6-b66c-924da5d72fba/reviews,kayak nya kurang kecap ni,3.0,Mie Gacoan lv 6 - Mie Gacoan lv 1 - Mie Gacoan lv 4,Ordered on 11 March 2023,0,Buruk,,
1701446020-617,https://gofood.co.id/en/surabaya/restaurant/mie-gacoan-genteng-f49fb30b-5b97-41b6-b66c-924da5d72fba/reviews,lejat dan bergiji,5.0,Mie Iblis lv 2 - Udang Keju,Ordered on 14 January 2023,1,Baik,,
1701446020-618,https://gofood.co.id/en/surabaya/restaurant/mie-gacoan-genteng-f49fb30b-5b97-41b6-b66c-924da5d72fba/reviews,Enak murah nagih girih,5.0,Mie Iblis lv 1 - Mie Iblis lv 2 - Lumpia Udang,Ordered on 24 January 2023,1,Baik,,
1701446020-619,https://gofood.co.id/en/surabaya/restaurant/mie-gacoan-genteng-f49fb30b-5b97-41b6-b66c-924da5d72fba/reviews,enak...enak mantap,5.0,Mie Gacoan lv 1 - Udang Rambutan - Lumpia Udang - Teh,Ordered on 11 March 2023,1,Baik,,
1701446020-620,https://gofood.co.id/en/surabaya/restaurant/mie-gacoan-genteng-f49fb30b-5b97-41b6-b66c-924da5d72fba/reviews,enak jdi langganan,5.0,Udang Keju,Ordered on 11 March 2023,1,Baik,,
1701446020-621,https://gofood.co.id/en/surabaya/restaurant/mie-gacoan-genteng-f49fb30b-5b97-41b6-b66c-924da5d72fba/reviews,"sudah ada catatan minta garpu saja tdk sumpit , cuma dikasih sumpit",3.0,Mie Gacoan lv 3 - Coklat - Lumpia Udang,Ordered on 11 March 2023,0,Buruk,,
1701446020-622,https://gofood.co.id/en/surabaya/restaurant/mie-gacoan-genteng-f49fb30b-5b97-41b6-b66c-924da5d72fba/reviews,"saran aja untuk layanan mie gacoan sangat perlu ditingkatkan, karena baru kali ini order mie gacoan dari sekian kali, layanannya mengalami keterlambatan lumayan lama, jadi buat kita tidak nyaman, dan jadi berfikir dua kali kalau mau order lagi",5.0,Mie Gacoan lv 0 - Mie Gacoan lv 1 - Thai Green Tea,Ordered on 9 March 2023,0,Buruk,,
1701446020-623,https://gofood.co.id/en/surabaya/restaurant/mie-gacoan-genteng-f49fb30b-5b97-41b6-b66c-924da5d72fba/reviews,"sumpit tidak dapet,. saosnya siomay juga tidak dapet.",1.0,Mie Gacoan lv 3 - Siomay,Ordered on 11 March 2023,0,Buruk,,
1701446020-624,https://gofood.co.id/en/surabaya/restaurant/mie-gacoan-genteng-f49fb30b-5b97-41b6-b66c-924da5d72fba/reviews,harusnya 1 porsi dimsum dikasih 2 saos!!!!,4.0,Mie Gacoan lv 1 - Mie Gacoan lv 3 - Udang Keju - Siomay - Pangsit,Ordered on 10 March 2023,0,Buruk,,
1701446020-625,https://gofood.co.id/en/surabaya/restaurant/mie-gacoan-genteng-f49fb30b-5b97-41b6-b66c-924da5d72fba/reviews,"enak bangetlah pokoknya, gaperlu diragukan lagiii!",5.0,Mie Gacoan lv 2 - Udang Keju - Siomay - Lumpia Udang,Ordered on 2 February 2023,1,Baik,,
1701446020-626,https://gofood.co.id/en/surabaya/restaurant/mie-gacoan-genteng-f49fb30b-5b97-41b6-b66c-924da5d72fba/reviews,mwahhhhh enak banget,5.0,Mie Gacoan lv 2,Ordered on 9 March 2023,1,Baik,,
1701446020-627,https://gofood.co.id/en/surabaya/restaurant/mie-gacoan-genteng-f49fb30b-5b97-41b6-b66c-924da5d72fba/reviews,Joss gandoss dan enak terus,5.0,Mie Gacoan lv 1 - Mie Gacoan lv 4 - Udang Rambutan - Udang Keju,Ordered on 27 February 2023,1,Baik,,
1701446020-628,https://gofood.co.id/en/surabaya/restaurant/mie-gacoan-genteng-f49fb30b-5b97-41b6-b66c-924da5d72fba/reviews,didalam mienya ada 5 helai rambut warna hitam dan panjang,1.0,Mie Gacoan lv 0 - Siomay,Ordered on 24 February 2023,0,Buruk,,
1701446020-629,https://gofood.co.id/en/surabaya/restaurant/mie-gacoan-genteng-f49fb30b-5b97-41b6-b66c-924da5d72fba/reviews,driver top markotop pol,5.0,Siomay - Lemon Tea,Ordered on 7 March 2023,5,Buruk,,
1701446020-630,https://gofood.co.id/en/surabaya/restaurant/mie-gacoan-genteng-f49fb30b-5b97-41b6-b66c-924da5d72fba/reviews,beeeeeeesssstttttttttt,5.0,Mie Gacoan lv 1 - Mie Hompimpa lv 1 - Lumpia Udang - Orange,Ordered on 5 March 2023,1,Baik,,
1701446020-631,https://gofood.co.id/en/surabaya/restaurant/mie-gacoan-genteng-f49fb30b-5b97-41b6-b66c-924da5d72fba/reviews,enak banget rasanya👍🏻👍🏻waktu sampai masih dalam keadaan hangat makanannya👍🏻,5.0,Mie Hompimpa lv 4 - Mie Gacoan lv 3 - Udang Rambutan - Mie Gacoan lv 0,Ordered on 5 March 2023,1,Baik,,
1701446020-632,https://gofood.co.id/en/surabaya/restaurant/mie-gacoan-genteng-f49fb30b-5b97-41b6-b66c-924da5d72fba/reviews,Comfort food akuuuhhh 🫶🏻✨ Order mi hompimpa level 1 + lumpia udang + lemon tea for better life y’all!,5.0,Mie Hompimpa lv 1 - Lumpia Udang - Lemon Tea,Ordered on 4 March 2023,1,Baik,,
1701446020-633,https://gofood.co.id/en/surabaya/restaurant/mie-gacoan-genteng-f49fb30b-5b97-41b6-b66c-924da5d72fba/reviews,jujur rasanya berubah dari yg terakhir kali beli... ini tadi hambar& bikin enek...,2.0,Mie Hompimpa lv 3 - Mie Gacoan lv 2 - Mie Gacoan lv 3,Ordered on 4 March 2023,0,Buruk,,
1701446020-634,https://gofood.co.id/en/surabaya/restaurant/mie-gacoan-genteng-f49fb30b-5b97-41b6-b66c-924da5d72fba/reviews,"gurih, krenyez2",5.0,Udang Keju,Ordered on 4 March 2023,1,Baik,,
1701446020-635,https://gofood.co.id/en/surabaya/restaurant/mie-gacoan-genteng-f49fb30b-5b97-41b6-b66c-924da5d72fba/reviews,Drivernya bagus,5.0,Mie Gacoan lv 3 - Siomay,Ordered on 3 March 2023,5,Buruk,,
1701446020-636,https://gofood.co.id/en/surabaya/restaurant/mie-gacoan-genteng-f49fb30b-5b97-41b6-b66c-924da5d72fba/reviews,"mie nya salah level, pesennya level 0 semua satunya dikasih level 2",3.0,Mie Gacoan lv 0 - Udang Keju - Udang Rambutan,Ordered on 1 March 2023,0,Buruk,,
1701446020-637,https://gofood.co.id/en/surabaya/restaurant/mie-gacoan-genteng-f49fb30b-5b97-41b6-b66c-924da5d72fba/reviews,enakkkkkk pollll,5.0,Mie Iblis lv 1 - Mie Iblis lv 6 - Siomay - Udang Rambutan - Udang Keju,Ordered on 22 January 2023,1,Baik,,
1701446020-638,https://gofood.co.id/en/surabaya/restaurant/mie-gacoan-genteng-f49fb30b-5b97-41b6-b66c-924da5d72fba/reviews,gacoan mah selalu enak 😭👍,5.0,Mie Gacoan lv 1 - Mie Gacoan lv 0 - Udang Rambutan - Udang Keju - Teh,Ordered on 4 February 2023,1,Baik,,
1701446020-639,https://gofood.co.id/en/surabaya/restaurant/mie-gacoan-genteng-f49fb30b-5b97-41b6-b66c-924da5d72fba/reviews,"enak bgt seperti biasa,pesen level 1 tapi ngk pedes sama sekali 🙁",5.0,Mie Gacoan lv 0 - Mie Gacoan lv 1 - Udang Keju - Lemon Tea,Ordered on 2 March 2023,0,Buruk,,
1701446020-640,https://gofood.co.id/en/surabaya/restaurant/mie-gacoan-genteng-f49fb30b-5b97-41b6-b66c-924da5d72fba/reviews,"ok... gurih,manis, uenak segar",5.0,Udang Rambutan - Lumpia Udang - Mie Gacoan lv 1 - Es Teklek,Ordered on 2 March 2023,1,Baik,,
1701446020-641,https://gofood.co.id/en/surabaya/restaurant/mie-gacoan-genteng-f49fb30b-5b97-41b6-b66c-924da5d72fba/reviews,rasanya kok gak kayak biasa nya ya. tapi lumayan lah .. pengiriman untuk gojek nya cepat banget,3.0,Mie Hompimpa lv 3 - Mie Gacoan lv 2,Ordered on 2 March 2023,0,Buruk,,
1701446020-642,https://gofood.co.id/en/surabaya/restaurant/mie-gacoan-genteng-f49fb30b-5b97-41b6-b66c-924da5d72fba/reviews,goreng gorengnya gacoan ga pernah gagal dehh enakk bgtt,5.0,Udang Keju - Pangsit - Lumpia Udang,Ordered on 2 March 2023,1,Baik,,
1701446020-643,https://gofood.co.id/en/surabaya/restaurant/mie-gacoan-genteng-f49fb30b-5b97-41b6-b66c-924da5d72fba/reviews,"Terimakasih pak driver semoga rezekinya makin lancar, terimakasih juga gacoan makanannya enak",5.0,Mie Gacoan lv 2 - Udang Keju,Ordered on 2 March 2023,1,Baik,,
1701446020-644,https://gofood.co.id/en/surabaya/restaurant/mie-gacoan-genteng-f49fb30b-5b97-41b6-b66c-924da5d72fba/reviews,"Saya pesan Gacoan lv.0, tapi radanya sperti Lv.2 (Walaupun dri segi tampilan tidak ada kontaminasi cabai)",3.0,Mie Gacoan lv 0 - Es Teklek,Ordered on 2 March 2023,0,Buruk,,
1701446020-645,https://gofood.co.id/en/surabaya/restaurant/mie-gacoan-genteng-f49fb30b-5b97-41b6-b66c-924da5d72fba/reviews,enak tp sayang yang lv 0 masih kerasa pedas.. mungkin krna bekas msak yg pedas g dicuci bersih..ato klo gak harusnya khusus utk ori pakek wajan sendiri,5.0,Mie Gacoan lv 0 - Mie Gacoan lv 2,Ordered on 1 March 2023,0,Buruk,,
1701446020-646,https://gofood.co.id/en/surabaya/restaurant/mie-gacoan-genteng-f49fb30b-5b97-41b6-b66c-924da5d72fba/reviews,ga enak sama sekali. harusnya parkir gratis juga,1.0,Mie Gacoan lv 0 - Udang Keju,Ordered on 22 February 2023,0,Buruk,,
1701446020-647,https://gofood.co.id/en/surabaya/restaurant/mie-gacoan-genteng-f49fb30b-5b97-41b6-b66c-924da5d72fba/reviews,bayar parkir. mahaaaaaaaaaaall,1.0,Mie Suit - Udang Keju,Ordered on 1 March 2023,0,Buruk,,
1701446020-648,https://gofood.co.id/en/surabaya/restaurant/mie-gacoan-genteng-f49fb30b-5b97-41b6-b66c-924da5d72fba/reviews,sangat sangat pedas bahkan dengan sedikit kepedasan.  tidak bisa makan,1.0,Udang Keju - Mie Gacoan lv 1 - Mie Gacoan lv 2 - Lumpia Udang,Ordered on 27 February 2023,0,Buruk,,
1701446020-649,https://gofood.co.id/en/surabaya/restaurant/mie-gacoan-genteng-f49fb30b-5b97-41b6-b66c-924da5d72fba/reviews,"login bang,-1 hyper estes",5.0,Mie Gacoan lv 8 - Mie Gacoan lv 3,Ordered on 27 February 2023,5,Buruk,,
1701446020-650,https://gofood.co.id/en/surabaya/restaurant/mie-gacoan-genteng-f49fb30b-5b97-41b6-b66c-924da5d72fba/reviews,seperti level 1...gk ada cabainya...dan gak pedas,2.0,Mie Gacoan lv 4 - Mie Gacoan lv 1,Ordered on 27 February 2023,0,Buruk,,
1701446020-651,https://gofood.co.id/en/surabaya/restaurant/mie-gacoan-genteng-f49fb30b-5b97-41b6-b66c-924da5d72fba/reviews,suka deh sama makananya enak poll,5.0,Mie Gacoan lv 1 - Mie Gacoan lv 3,Ordered on 27 February 2023,1,Baik,,
1701446020-652,https://gofood.co.id/en/surabaya/restaurant/mie-gacoan-genteng-f49fb30b-5b97-41b6-b66c-924da5d72fba/reviews,mia gacoan gaada lawan,5.0,Mie Gacoan lv 1 - Mie Gacoan lv 2 - Mie Gacoan lv 3 - Udang Keju - Siomay - Lumpia Udang,Ordered on 24 February 2023,1,Baik,,
1701446020-653,https://gofood.co.id/en/surabaya/restaurant/mie-gacoan-genteng-f49fb30b-5b97-41b6-b66c-924da5d72fba/reviews,rasa nya tidak seperti biasanya,2.0,Mie Hompimpa lv 2 - Mie Gacoan lv 2,Ordered on 26 February 2023,0,Buruk,,
1701446020-654,https://gofood.co.id/en/surabaya/restaurant/mie-gacoan-genteng-f49fb30b-5b97-41b6-b66c-924da5d72fba/reviews,mie udh dingin jd agak mangkak.. bungkus nya jg kurang bagus semoga bisa dioerbaiki,3.0,Mie Hompimpa lv 1 - Orange,Ordered on 25 February 2023,0,Buruk,,
1701446020-655,https://gofood.co.id/en/surabaya/restaurant/mie-gacoan-genteng-f49fb30b-5b97-41b6-b66c-924da5d72fba/reviews,mantap boleh juga,5.0,Mie Gacoan lv 4 - Udang Rambutan,Ordered on 25 February 2023,1,Baik,,
1701446020-656,https://gofood.co.id/en/surabaya/restaurant/mie-gacoan-genteng-f49fb30b-5b97-41b6-b66c-924da5d72fba/reviews,minta tambah saos ga dikasih,4.0,Mie Gacoan lv 4 - Siomay,Ordered on 25 February 2023,0,Buruk,,
1701446020-657,https://gofood.co.id/en/surabaya/restaurant/mie-gacoan-genteng-f49fb30b-5b97-41b6-b66c-924da5d72fba/reviews,good good good jobs,5.0,Mie Hompimpa lv 2 - Udang Keju - Siomay,Ordered on 25 February 2023,1,Baik,,
1701446020-658,https://gofood.co.id/en/surabaya/restaurant/mie-gacoan-genteng-f49fb30b-5b97-41b6-b66c-924da5d72fba/reviews,makasih pak sdh antar pesanan nya cepet,5.0,Mie Gacoan lv 1 - Mie Gacoan lv 6 - Udang Rambutan - Lumpia Udang,Ordered on 25 February 2023,1,Baik,,
1701446020-659,https://gofood.co.id/en/surabaya/restaurant/mie-gacoan-genteng-f49fb30b-5b97-41b6-b66c-924da5d72fba/reviews,sampai di cotumer sudah dingin,1.0,Mie Gacoan lv 1 - Siomay - Udang Keju,Ordered on 25 February 2023,0,Buruk,,
1701446020-660,https://gofood.co.id/en/surabaya/restaurant/mie-gacoan-genteng-f49fb30b-5b97-41b6-b66c-924da5d72fba/reviews,enak spt biasa...,5.0,Mie Gacoan lv 0 - Pangsit,Ordered on 25 February 2023,1,Baik,,
1701446020-661,https://gofood.co.id/en/surabaya/restaurant/mie-gacoan-genteng-f49fb30b-5b97-41b6-b66c-924da5d72fba/reviews,rasa enak banget pedas nya juga pas,5.0,Mie Gacoan lv 1 - Siomay - Udang Rambutan,Ordered on 24 February 2023,1,Baik,,
1701446020-662,https://gofood.co.id/en/surabaya/restaurant/mie-gacoan-genteng-f49fb30b-5b97-41b6-b66c-924da5d72fba/reviews,selalu enaakk !!,5.0,Mie Gacoan lv 1 - Mie Gacoan lv 3 - Udang Keju - Mie Gacoan lv 2,Ordered on 24 February 2023,1,Baik,,
1701446020-663,https://gofood.co.id/en/surabaya/restaurant/mie-gacoan-genteng-f49fb30b-5b97-41b6-b66c-924da5d72fba/reviews,enak.. rasa tetap juara,5.0,Mie Iblis lv 1 - Mie Iblis lv 2 - Pangsit,Ordered on 31 January 2023,1,Baik,,
1701446020-664,https://gofood.co.id/en/surabaya/restaurant/mie-gacoan-genteng-f49fb30b-5b97-41b6-b66c-924da5d72fba/reviews,tetap juara untuk rasanya enak... cuma hari ini dapat bonus rambut di dalam makanan... kebersihan harus ttp dijaga ya dan lebih teliti lagi dengan hal-hal kecil spt ini yg bisa mengurangi selera makan...,4.0,Mie Gacoan lv 2 - Udang Keju - Siomay,Ordered on 24 February 2023,1,Baik,,
1701446020-665,https://gofood.co.id/en/surabaya/restaurant/mie-gacoan-genteng-f49fb30b-5b97-41b6-b66c-924da5d72fba/reviews,yang level 0 di samakan sama level 1,1.0,Mie Gacoan lv 1 - Mie Gacoan lv 0 - Siomay,Ordered on 20 February 2023,0,Buruk,,
1701446020-666,https://gofood.co.id/en/surabaya/restaurant/mie-gacoan-genteng-f49fb30b-5b97-41b6-b66c-924da5d72fba/reviews,Enak. udah gitu aja,5.0,Mie Gacoan lv 1 - Udang Keju - Pangsit - Lumpia Udang - Mie Gacoan lv 4,Ordered on 13 February 2023,1,Baik,,
1701446020-667,https://gofood.co.id/en/surabaya/restaurant/mie-gacoan-genteng-f49fb30b-5b97-41b6-b66c-924da5d72fba/reviews,"hari ini bintang 3 soalnya salah kasih level, minta level 1 dikasih 4, please mamaku kepedesannnn",3.0,Mie Gacoan lv 3 - Mie Gacoan lv 1 - Udang Keju - Pangsit,Ordered on 22 February 2023,0,Buruk,,
1701446020-668,https://gofood.co.id/en/surabaya/restaurant/mie-gacoan-genteng-f49fb30b-5b97-41b6-b66c-924da5d72fba/reviews,enyak..enyak.. kurirnya ramah mamacih😍,5.0,Mie Hompimpa lv 1 - Es Petak Umpet - Coklat,Ordered on 19 February 2023,1,Baik,,
1701446020-669,https://gofood.co.id/en/surabaya/restaurant/mie-gacoan-genteng-f49fb30b-5b97-41b6-b66c-924da5d72fba/reviews,gak dapat sumpit 😏😏,3.0,Mie Gacoan lv 2 - Mie Gacoan lv 3 - Pangsit - Mie Hompimpa lv 3,Ordered on 21 February 2023,0,Buruk,,
1701446020-670,https://gofood.co.id/en/surabaya/restaurant/mie-gacoan-genteng-f49fb30b-5b97-41b6-b66c-924da5d72fba/reviews,enak banget pedas nya pas🙂,5.0,Mie Gacoan lv 1,Ordered on 21 February 2023,1,Baik,,
1701446020-671,https://gofood.co.id/en/surabaya/restaurant/mie-gacoan-genteng-f49fb30b-5b97-41b6-b66c-924da5d72fba/reviews,"porsinya kurang,",4.0,Mie Gacoan lv 2 - Milo - Udang Keju,Ordered on 21 February 2023,0,Buruk,,
1701446020-672,https://gofood.co.id/en/surabaya/restaurant/mie-gacoan-genteng-f49fb30b-5b97-41b6-b66c-924da5d72fba/reviews,"Sumpitnya sangat tidak very human, ujungnya bikin ketelusupan bnyk merenggang. Mie nya terlalu manis bikin eneg mkan bnyk2 Side dish nya enak 7/10",3.0,Udang Keju - Udang Rambutan - Siomay - Lumpia Udang - Mie Gacoan lv 0 - Mie Gacoan lv 1,Ordered on 20 February 2023,0,Buruk,,
1701446020-673,https://gofood.co.id/en/surabaya/restaurant/mie-gacoan-genteng-f49fb30b-5b97-41b6-b66c-924da5d72fba/reviews,Kurang manis bumbunya pedasnya juga berkurang,4.0,Mie Gacoan lv 4 - Mie Gacoan lv 8 - Siomay - Thai Green Tea,Ordered on 20 February 2023,0,Buruk,,
1701446020-674,https://gofood.co.id/en/surabaya/restaurant/mie-gacoan-genteng-f49fb30b-5b97-41b6-b66c-924da5d72fba/reviews,levelnya salah minta 1 diksh yg 0 🤦,3.0,Mie Gacoan lv 1 - Udang Keju - Lumpia Udang,Ordered on 20 February 2023,0,Buruk,,
1701446020-675,https://gofood.co.id/en/surabaya/restaurant/mie-gacoan-genteng-f49fb30b-5b97-41b6-b66c-924da5d72fba/reviews,andalanku bangett!,5.0,Mie Hompimpa lv 3 - Udang Keju - Thai Green Tea,Ordered on 20 February 2023,1,Baik,,
1701446020-676,https://gofood.co.id/en/surabaya/restaurant/mie-gacoan-genteng-f49fb30b-5b97-41b6-b66c-924da5d72fba/reviews,pesanan salah semua ... pesan apa yg d kasih apa,1.0,Mie Gacoan lv 0 - Mie Gacoan lv 4 - Udang Keju - Lumpia Udang,Ordered on 18 February 2023,0,Buruk,,
1701446020-677,https://gofood.co.id/en/surabaya/restaurant/mie-gacoan-genteng-f49fb30b-5b97-41b6-b66c-924da5d72fba/reviews,enak suka sama makanannya,5.0,Udang Keju,Ordered on 5 February 2023,1,Baik,,
1701446020-678,https://gofood.co.id/en/surabaya/restaurant/mie-gacoan-genteng-f49fb30b-5b97-41b6-b66c-924da5d72fba/reviews,enak jadi langganan deh,5.0,Udang Keju,Ordered on 4 February 2023,1,Baik,,
1701446020-679,https://gofood.co.id/en/surabaya/restaurant/mie-gacoan-genteng-f49fb30b-5b97-41b6-b66c-924da5d72fba/reviews,sip mantap deeehhh,5.0,Udang Rambutan - Udang Keju - Mie Gacoan lv 2 - Mie Gacoan lv 3 - Mie Gacoan lv 0,Ordered on 16 February 2023,1,Baik,,
1701446020-680,https://gofood.co.id/en/surabaya/restaurant/mie-gacoan-genteng-f49fb30b-5b97-41b6-b66c-924da5d72fba/reviews,mantapppppppppppp,5.0,Mie Hompimpa lv 2 - Mie Hompimpa lv 1 - Teh,Ordered on 17 February 2023,1,Baik,,
1701446020-681,https://gofood.co.id/en/surabaya/restaurant/mie-gacoan-genteng-f49fb30b-5b97-41b6-b66c-924da5d72fba/reviews,bumbu gak merata mungkin order nya malam pegawainyaa ngantuk,4.0,Mie Gacoan lv 0 - Udang Rambutan,Ordered on 17 February 2023,0,Buruk,,
1701446020-682,https://gofood.co.id/en/surabaya/restaurant/mie-gacoan-genteng-f49fb30b-5b97-41b6-b66c-924da5d72fba/reviews,"rasanya hambar, gak pedes sama sekali ini mah bukan seblak tapi mie kuah.",5.0,Udang Keju - Udang Rambutan - Mie Gacoan lv 3,Ordered on 16 February 2023,0,Buruk,,
1701446020-683,https://gofood.co.id/en/surabaya/restaurant/mie-gacoan-genteng-f49fb30b-5b97-41b6-b66c-924da5d72fba/reviews,enak seperti biasa,5.0,Mie Gacoan lv 1 - Mie Gacoan lv 2 - Mie Gacoan lv 0,Ordered on 16 February 2023,1,Baik,,
1701446020-684,https://gofood.co.id/en/surabaya/restaurant/mie-gacoan-genteng-f49fb30b-5b97-41b6-b66c-924da5d72fba/reviews,Terimakasi makanan lezat sekali,5.0,Mie Gacoan lv 1 - Mie Gacoan lv 2 - Mie Gacoan lv 0,Ordered on 12 February 2023,1,Baik,,
1701446020-685,https://gofood.co.id/en/surabaya/restaurant/mie-gacoan-genteng-f49fb30b-5b97-41b6-b66c-924da5d72fba/reviews,minta tambah saus dimsum tapi ga dikasih,5.0,Mie Gacoan lv 4 - Siomay - Udang Rambutan,Ordered on 14 February 2023,0,Buruk,,
1701446020-686,https://gofood.co.id/en/surabaya/restaurant/mie-gacoan-genteng-f49fb30b-5b97-41b6-b66c-924da5d72fba/reviews,"kurang suka saosnya, pliss pake saos yang kaya dulu ajaa",3.0,Mie Gacoan lv 1 - Udang Rambutan - Udang Keju - Teh,Ordered on 13 February 2023,0,Buruk,,
1701446020-687,https://gofood.co.id/en/surabaya/restaurant/mie-gacoan-genteng-f49fb30b-5b97-41b6-b66c-924da5d72fba/reviews,promonya ditambah lagi dong,5.0,Mie Gacoan lv 2 - Mie Gacoan lv 4 - Mie Gacoan lv 1,Ordered on 14 February 2023,1,Baik,,
1701446020-688,https://gofood.co.id/en/surabaya/restaurant/mie-gacoan-genteng-f49fb30b-5b97-41b6-b66c-924da5d72fba/reviews,pesan level 1 dikasih level 2 gimana sih?,3.0,Mie Gacoan lv 3 - Mie Gacoan lv 1,Ordered on 14 February 2023,0,Buruk,,
1701446020-689,https://gofood.co.id/en/surabaya/restaurant/mie-gacoan-genteng-f49fb30b-5b97-41b6-b66c-924da5d72fba/reviews,kurangin minyaknya ya saran dari saya soalnya banyak minyak mienya,5.0,Mie Gacoan lv 1 - Pangsit,Ordered on 10 February 2023,0,Buruk,,
1701446020-690,https://gofood.co.id/en/surabaya/restaurant/mie-gacoan-genteng-f49fb30b-5b97-41b6-b66c-924da5d72fba/reviews,pesen level 3 dikasih level 0 semua 😑,3.0,Mie Gacoan lv 3 - Mie Gacoan lv 0 - Udang Keju - Siomay - Lumpia Udang - Teh,Ordered on 13 February 2023,0,Buruk,,
1701446020-691,https://gofood.co.id/en/surabaya/restaurant/mie-gacoan-genteng-f49fb30b-5b97-41b6-b66c-924da5d72fba/reviews,puas banget pesen mie gacoan pake gopay banyak untungnya🥰,5.0,Mie Gacoan lv 1 - Udang Rambutan - Mie Gacoan lv 0 - Lumpia Udang - Udang Keju,Ordered on 13 February 2023,1,Baik,,
1701446020-692,https://gofood.co.id/en/surabaya/restaurant/mie-gacoan-genteng-f49fb30b-5b97-41b6-b66c-924da5d72fba/reviews,tempatnya stero foam bahaya,3.0,Mie Gacoan lv 0 - Mie Gacoan lv 6 - Mie Gacoan lv 3 - Siomay - Udang Keju,Ordered on 11 February 2023,0,Buruk,,
1701446020-693,https://gofood.co.id/en/surabaya/restaurant/mie-gacoan-genteng-f49fb30b-5b97-41b6-b66c-924da5d72fba/reviews,ayamnya koq jd dikit bgt y.. bawangnya jg gt berkurang.. trus yg mie gacoan kecapnya jg kurang.. knp semenjak ganti nm menu koq rasanya jd kurang..,4.0,Mie Suit - Mie Gacoan lv 1 - Udang Rambutan,Ordered on 12 February 2023,0,Buruk,,
1701446020-694,https://gofood.co.id/en/surabaya/restaurant/mie-gacoan-genteng-f49fb30b-5b97-41b6-b66c-924da5d72fba/reviews,"langganan mie pedes disini, suka apalagi pangsit gorengnya",5.0,Mie Iblis lv 2 - Udang Keju,Ordered on 6 January 2023,1,Baik,,
1701446020-695,https://gofood.co.id/en/surabaya/restaurant/mie-gacoan-genteng-f49fb30b-5b97-41b6-b66c-924da5d72fba/reviews,rasanya sekarang beda.tidak seperti dulu.,2.0,Mie Gacoan lv 4 - Mie Hompimpa lv 1 - Mie Gacoan lv 1 - Udang Keju,Ordered on 7 February 2023,0,Buruk,,
1701446020-696,https://gofood.co.id/en/surabaya/restaurant/mie-gacoan-genteng-f49fb30b-5b97-41b6-b66c-924da5d72fba/reviews,kalo take away apa memang tidak dikasih sumpit?,4.0,Mie Gacoan lv 2 - Mie Gacoan lv 3 - Mie Suit - Mie Gacoan lv 1 - Udang Keju - Teh Tarik - Milo,Ordered on 12 February 2023,0,Buruk,,
1701446020-697,https://gofood.co.id/en/surabaya/restaurant/mie-gacoan-genteng-f49fb30b-5b97-41b6-b66c-924da5d72fba/reviews,stempel di kemasan,1.0,Mie Suit,Ordered on 12 February 2023,0,Buruk,,
1701446020-698,https://gofood.co.id/en/surabaya/restaurant/mie-gacoan-genteng-f49fb30b-5b97-41b6-b66c-924da5d72fba/reviews,pesen lv 8 nya 2 di kasih 1,1.0,Mie Gacoan lv 2 - Mie Gacoan lv 8 - Udang Keju,Ordered on 12 February 2023,0,Buruk,,
1701446020-699,https://gofood.co.id/en/surabaya/restaurant/mie-gacoan-genteng-f49fb30b-5b97-41b6-b66c-924da5d72fba/reviews,Terlalu berminyak,3.0,Mie Gacoan lv 1 - Udang Keju - Pangsit - Teh - Es Gobak Sodor,Ordered on 11 February 2023,0,Buruk,,
1701446020-700,https://gofood.co.id/en/surabaya/restaurant/mie-gacoan-genteng-f49fb30b-5b97-41b6-b66c-924da5d72fba/reviews,rasanya nikmat...porsinya Pas,5.0,Mie Hompimpa lv 2 - Mie Gacoan lv 1 - Mie Gacoan lv 2 - Udang Rambutan - Siomay,Ordered on 11 February 2023,1,Baik,,
1701446020-701,https://gofood.co.id/en/surabaya/restaurant/mie-gacoan-genteng-f49fb30b-5b97-41b6-b66c-924da5d72fba/reviews,enakkkk..tapi sayang pesen yg level 0 masih ada rasa pedesnya,5.0,Mie Gacoan lv 0 - Siomay,Ordered on 11 February 2023,1,Baik,,
1701446020-702,https://gofood.co.id/en/surabaya/restaurant/mie-gacoan-genteng-f49fb30b-5b97-41b6-b66c-924da5d72fba/reviews,kliruuu pesanannya,1.0,Udang Keju - Udang Rambutan - Mie Gacoan lv 2 - Mie Gacoan lv 1,Ordered on 11 February 2023,0,Buruk,,
1701446020-703,https://gofood.co.id/en/surabaya/restaurant/mie-gacoan-genteng-f49fb30b-5b97-41b6-b66c-924da5d72fba/reviews,"cabenya lebih sedikit, ga pedes kayak level 8 yg sebelum2nya",4.0,Mie Gacoan lv 8 - Udang Rambutan,Ordered on 11 February 2023,0,Buruk,,
1701446020-704,https://gofood.co.id/en/surabaya/restaurant/mie-gacoan-genteng-f49fb30b-5b97-41b6-b66c-924da5d72fba/reviews,mie nya berminyak sekali dan lumpia udangnya jadi kecil,1.0,Mie Setan lv 1 - Udang Keju - Lumpia Udang - Thai Tea Ori,Ordered on 26 January 2023,0,Buruk,,
1701446020-705,https://gofood.co.id/en/surabaya/restaurant/mie-gacoan-genteng-f49fb30b-5b97-41b6-b66c-924da5d72fba/reviews,"mie nya anyep ngga enak entah lupa bumbu apa gimana, ngga kayak biasanya",1.0,Udang Keju - Lumpia Udang - Mie Gacoan lv 3,Ordered on 11 February 2023,0,Buruk,,
1701446020-706,https://gofood.co.id/en/surabaya/restaurant/mie-gacoan-genteng-f49fb30b-5b97-41b6-b66c-924da5d72fba/reviews,Mienya terlalu kering,4.0,Mie Hompimpa lv 3 - Mie Hompimpa lv 1 - Udang Keju - Siomay - Lumpia Udang,Ordered on 9 February 2023,0,Buruk,,
1701446020-707,https://gofood.co.id/en/surabaya/restaurant/mie-gacoan-genteng-f49fb30b-5b97-41b6-b66c-924da5d72fba/reviews,rasanya mantap 👍🥵,5.0,Mie Hompimpa lv 8 - Mie Gacoan lv 4 - Mie Hompimpa lv 3,Ordered on 9 February 2023,1,Baik,,
1701446020-708,https://gofood.co.id/en/surabaya/restaurant/mie-gacoan-genteng-f49fb30b-5b97-41b6-b66c-924da5d72fba/reviews,Kenapa sih kok gak boleh extra saos,3.0,Mie Gacoan lv 1 - Pangsit - Lumpia Udang - Mie Hompimpa lv 4 - Teh,Ordered on 9 February 2023,0,Buruk,,
1701446020-709,https://gofood.co.id/en/surabaya/restaurant/mie-gacoan-genteng-f49fb30b-5b97-41b6-b66c-924da5d72fba/reviews,Bumbunya berantakaan,2.0,Mie Gacoan lv 2 - Mie Gacoan lv 6 - Mie Gacoan lv 3 - Mie Gacoan lv 1,Ordered on 9 February 2023,0,Buruk,,
1701446020-710,https://gofood.co.id/en/surabaya/restaurant/mie-gacoan-genteng-f49fb30b-5b97-41b6-b66c-924da5d72fba/reviews,"kemasan jangan sterofoam donk mie nya agak kekeringan rasa sudah cukup enak, harga murah pakek bingit",4.0,Mie Suit - Mie Gacoan lv 1,Ordered on 6 February 2023,0,Buruk,,
1701446020-711,https://gofood.co.id/en/surabaya/restaurant/mie-gacoan-genteng-f49fb30b-5b97-41b6-b66c-924da5d72fba/reviews,sumpitnya kok gak ada,1.0,Mie Gacoan lv 1 - Mie Gacoan lv 3 - Mie Gacoan lv 2,Ordered on 7 February 2023,0,Buruk,,
1701446020-712,https://gofood.co.id/en/surabaya/restaurant/mie-gacoan-genteng-f49fb30b-5b97-41b6-b66c-924da5d72fba/reviews,"kemaren pesen level 2 pedees bgt,skg pesen level 3 mlh ga pedes ky level 1🤦🏼‍♀🤦🏼‍♀",4.0,Mie Gacoan lv 0 - Mie Hompimpa lv 3,Ordered on 7 February 2023,0,Buruk,,
1701446020-713,https://gofood.co.id/en/surabaya/restaurant/mie-gacoan-genteng-f49fb30b-5b97-41b6-b66c-924da5d72fba/reviews,"mie nya kurang bersih masak nya,masa di dalam mie nya ada plastik kayak bekas plastik press makanan.Terus.",1.0,Mie Gacoan lv 8 - Lemon Tea - Udang Rambutan,Ordered on 6 February 2023,0,Buruk,,
1701446020-714,https://gofood.co.id/en/surabaya/restaurant/mie-gacoan-genteng-f49fb30b-5b97-41b6-b66c-924da5d72fba/reviews,enak banget polllll,5.0,Mie Gacoan lv 1 - Siomay,Ordered on 7 February 2023,1,Baik,,
1701446020-715,https://gofood.co.id/en/surabaya/restaurant/mie-gacoan-genteng-f49fb30b-5b97-41b6-b66c-924da5d72fba/reviews,gaenak rasanya berubah,1.0,Mie Gacoan lv 4 - Udang Keju - Siomay,Ordered on 6 February 2023,0,Buruk,,
1701446020-716,https://gofood.co.id/en/surabaya/restaurant/mie-gacoan-genteng-f49fb30b-5b97-41b6-b66c-924da5d72fba/reviews,Kurang sedotan dan siomay tidak hangat,4.0,Mie Gacoan lv 3 - Mie Gacoan lv 4 - Siomay - Lumpia Udang - Es Sluku Bathok - Es Teklek,Ordered on 6 February 2023,0,Buruk,,
1701446020-717,https://gofood.co.id/en/surabaya/restaurant/mie-gacoan-genteng-f49fb30b-5b97-41b6-b66c-924da5d72fba/reviews,Sumpit buat makannya kok gk ada yah,3.0,Es Teklek - Udang Keju - Lumpia Udang - Mie Gacoan lv 4 - Mie Gacoan lv 3,Ordered on 6 February 2023,0,Buruk,,
1701446020-718,https://gofood.co.id/en/surabaya/restaurant/mie-gacoan-genteng-f49fb30b-5b97-41b6-b66c-924da5d72fba/reviews,Rasa biasa prosess lama,2.0,Udang Keju - Udang Rambutan - Mie Gacoan lv 2 - Mie Gacoan lv 3 - Mie Suit,Ordered on 5 February 2023,0,Buruk,,
1701446020-719,https://gofood.co.id/en/surabaya/restaurant/mie-gacoan-genteng-f49fb30b-5b97-41b6-b66c-924da5d72fba/reviews,sangat suka sekali,5.0,Mie Gacoan lv 2 - Udang Rambutan,Ordered on 5 February 2023,1,Baik,,
1701446020-720,https://gofood.co.id/en/surabaya/restaurant/mie-gacoan-genteng-f49fb30b-5b97-41b6-b66c-924da5d72fba/reviews,TOLONG DITELITI LAGI BUAT KARYAWANNYA SUDAH DITULIS DIPESANAN TANPA DAUN BAWANG INI MALAAH DIKASIH DAUN BAWANG. SETIAP KALI SAYA ORDER SELALU SAYA KASIH TULISAN JANGAN DIKASIH DAUN BAWANG INI MALAH DIKASIH. TOLONG LEBIH TELITI LAGI KARYAWANNYA YG BACA ORDERAN.,4.0,Mie Gacoan lv 0 - Mie Gacoan lv 1 - Lumpia Udang - Udang Rambutan,Ordered on 5 February 2023,0,Buruk,,
1701446020-721,https://gofood.co.id/en/surabaya/restaurant/mie-gacoan-genteng-f49fb30b-5b97-41b6-b66c-924da5d72fba/reviews,enak suka banget sama makananya,5.0,Udang Keju,Ordered on 23 January 2023,1,Baik,,
1701446020-722,https://gofood.co.id/en/surabaya/restaurant/mie-gacoan-genteng-f49fb30b-5b97-41b6-b66c-924da5d72fba/reviews,enak & jadi langganan disini,5.0,Udang Keju,Ordered on 14 January 2023,1,Baik,,
1701446020-723,https://gofood.co.id/en/surabaya/restaurant/mie-gacoan-genteng-f49fb30b-5b97-41b6-b66c-924da5d72fba/reviews,pangsit nya terlalu kecoklatan,4.0,Mie Hompimpa lv 4 - Udang Keju,Ordered on 5 February 2023,0,Buruk,,
1701446020-724,https://gofood.co.id/en/surabaya/restaurant/mie-gacoan-genteng-f49fb30b-5b97-41b6-b66c-924da5d72fba/reviews,enak bingit mie nya,5.0,Mie Suit - Siomay,Ordered on 5 February 2023,1,Baik,,
1701446020-725,https://gofood.co.id/en/surabaya/restaurant/mie-gacoan-genteng-f49fb30b-5b97-41b6-b66c-924da5d72fba/reviews,"lvl 1 terlalu pedas, packaging oke tp mie nya udh ngumpul,next diperhatikan lagi",5.0,Mie Hompimpa lv 1 - Mie Gacoan lv 1 - Es Teklek,Ordered on 1 February 2023,0,Buruk,,
1701446020-726,https://gofood.co.id/en/surabaya/restaurant/mie-gacoan-genteng-f49fb30b-5b97-41b6-b66c-924da5d72fba/reviews,"enak,pedesnya cukup",5.0,Mie Gacoan lv 1 - Mie Gacoan lv 2,Ordered on 4 February 2023,1,Baik,,
1701446020-727,https://gofood.co.id/en/surabaya/restaurant/mie-gacoan-genteng-f49fb30b-5b97-41b6-b66c-924da5d72fba/reviews,mantaab .... sukses selalu... moga ikut promoan teruz 😅😅😅😅,5.0,Mie Iblis lv 3 - Mie Iblis lv 4 - Lumpia Udang - Udang Keju - Vanila Latte,Ordered on 23 January 2023,1,Baik,,
1701446020-728,https://gofood.co.id/en/surabaya/restaurant/mie-gacoan-genteng-f49fb30b-5b97-41b6-b66c-924da5d72fba/reviews,"porsi dan kemasannya bisa ditingkatkan lagi ya.
thanks.",4.0,Mie Hompimpa lv 2 - Mie Gacoan lv 2,Ordered on 4 February 2023,0,Buruk,,
1701446020-729,https://gofood.co.id/en/surabaya/restaurant/mie-gacoan-genteng-f49fb30b-5b97-41b6-b66c-924da5d72fba/reviews,enakkkk banget porsi pas..,5.0,Thai Green Tea - Mie Iblis lv 2,Ordered on 21 January 2023,1,Baik,,
1701446020-730,https://gofood.co.id/en/surabaya/restaurant/mie-gacoan-genteng-f49fb30b-5b97-41b6-b66c-924da5d72fba/reviews,sangat puas dengan layanan nya,5.0,Mie Gacoan lv 1,Ordered on 3 February 2023,1,Baik,,
1701446020-731,https://gofood.co.id/en/surabaya/restaurant/mie-gacoan-genteng-f49fb30b-5b97-41b6-b66c-924da5d72fba/reviews,"Terima kasih ya, enak banget",5.0,Mie Gacoan lv 2 - Mie Gacoan lv 0 - Udang Keju - Air Mineral - Orange - Mie Suit,Ordered on 3 February 2023,1,Baik,,
1701446020-732,https://gofood.co.id/en/surabaya/restaurant/mie-gacoan-genteng-f49fb30b-5b97-41b6-b66c-924da5d72fba/reviews,berkali kali pesan tumben hari ini mie nya lembek bngt dan udang keju nya kayak ga biasanya rasanya,4.0,Mie Gacoan lv 1 - Udang Keju,Ordered on 3 February 2023,0,Buruk,,
1701446020-733,https://gofood.co.id/en/surabaya/restaurant/mie-gacoan-genteng-f49fb30b-5b97-41b6-b66c-924da5d72fba/reviews,saos sambalnya tidak dikasih.. klupaan mungkin,4.0,Mie Gacoan lv 4 - Udang Keju,Ordered on 2 February 2023,0,Buruk,,
1701446020-734,https://gofood.co.id/en/surabaya/restaurant/mie-gacoan-genteng-f49fb30b-5b97-41b6-b66c-924da5d72fba/reviews,"thanks chef, makanan enak, bersih n sehat",5.0,Mie Suit - Mie Hompimpa lv 2,Ordered on 2 February 2023,1,Baik,,
1701446020-735,https://gofood.co.id/en/surabaya/restaurant/mie-gacoan-genteng-f49fb30b-5b97-41b6-b66c-924da5d72fba/reviews,"wes sip pokok e mantap tuku o ae wes ojk kakean delok komen nak endi"" pokok e tuku o",5.0,Mie Suit - Mie Hompimpa lv 1 - Mie Gacoan lv 0 - Mie Gacoan lv 1 - Pangsit - Udang Keju,Ordered on 1 February 2023,1,Baik,,
1701446020-736,https://gofood.co.id/en/surabaya/restaurant/mie-gacoan-genteng-f49fb30b-5b97-41b6-b66c-924da5d72fba/reviews,"mie nya ke matengan,rasaya juga beda ga kaya biasa nya",2.0,Mie Hompimpa lv 1 - Lumpia Udang,Ordered on 1 February 2023,0,Buruk,,
1701446020-737,https://gofood.co.id/en/surabaya/restaurant/mie-gacoan-genteng-f49fb30b-5b97-41b6-b66c-924da5d72fba/reviews,"Pesanan salah, distruk saya pesan lumpia udang tetapi yang datang pangsit goreng",2.0,Mie Gacoan lv 2 - Siomay - Udang Keju - Lumpia Udang,Ordered on 1 February 2023,0,Buruk,,
1701446020-738,https://gofood.co.id/en/surabaya/restaurant/mie-gacoan-genteng-f49fb30b-5b97-41b6-b66c-924da5d72fba/reviews,puas banget dengan semua nya... makasih yaa sayang deh😁,5.0,Mie Setan lv 1 - Mie Iblis lv 1,Ordered on 30 January 2023,1,Baik,,
1701446020-739,https://gofood.co.id/en/surabaya/restaurant/mie-gacoan-genteng-f49fb30b-5b97-41b6-b66c-924da5d72fba/reviews,"Eh, nama2 menunya udah diganti, jd lucuk no syerem👏👏👏😁
Semoga bisa segera mendapatkan sertif halal MUI seperti yg diinginkan😊🙏🏻",5.0,Es Teklek - Mie Gacoan lv 1 - Udang Keju,Ordered on 1 February 2023,1,Baik,,
1701446020-740,https://gofood.co.id/en/surabaya/restaurant/mie-gacoan-genteng-f49fb30b-5b97-41b6-b66c-924da5d72fba/reviews,enak banget 👍👍👍,5.0,Udang Rambutan - Mie Iblis lv 0 - Mie Iblis lv 3 - Lumpia Udang,Ordered on 30 January 2023,1,Baik,,
1701446020-741,https://gofood.co.id/en/surabaya/restaurant/mie-gacoan-genteng-f49fb30b-5b97-41b6-b66c-924da5d72fba/reviews,ternyata aku salah milih level mie ibliss😭😭 tp gapapa udah aku makann dan enak!! buat udang keju nya aku makan buat sarapan besokk hehehe makasii,4.0,Mie Iblis lv 2 - Udang Keju,Ordered on 30 January 2023,1,Baik,,
1701446020-742,https://gofood.co.id/en/surabaya/restaurant/mie-gacoan-genteng-f49fb30b-5b97-41b6-b66c-924da5d72fba/reviews,masa udh minta tambahan saus dimsum gk dikasih pelit bgt,4.0,Mie Iblis lv 0 - Mie Iblis lv 3 - Mie Iblis lv 1 - Udang Keju,Ordered on 30 January 2023,0,Buruk,,
1701446020-743,https://gofood.co.id/en/surabaya/restaurant/mie-gacoan-genteng-f49fb30b-5b97-41b6-b66c-924da5d72fba/reviews,mohon diperbaiki untuk pemeriksaan lv mie,4.0,Mie Iblis lv 0 - Genderuwo - Udang Keju,Ordered on 30 January 2023,0,Buruk,,
1701446020-744,https://gofood.co.id/en/surabaya/restaurant/mie-gacoan-genteng-f49fb30b-5b97-41b6-b66c-924da5d72fba/reviews,"pesen lvl 0, datangnya ada cabainya, pedas sekali. pesan dimsum 4 mie 1, sumpit cuma dikasi 2. terus sisanya makan pakai tangan? saos juga dikasi cuma 2. ini pelit apa mau bangkrut sih?",2.0,Mie Iblis lv 0 - Siomay - Udang Keju,Ordered on 30 January 2023,0,Buruk,,
1701446020-745,https://gofood.co.id/en/surabaya/restaurant/mie-gacoan-genteng-f49fb30b-5b97-41b6-b66c-924da5d72fba/reviews,kepedesen padahal level 2,5.0,Mie Iblis lv 2 - Udang Rambutan - Lumpia Udang,Ordered on 30 January 2023,0,Buruk,,
1701446020-746,https://gofood.co.id/en/surabaya/restaurant/mie-gacoan-genteng-f49fb30b-5b97-41b6-b66c-924da5d72fba/reviews,sgt enkkk level 1 pedes jg ya ..recommend siomaynya sangat enak,5.0,Siomay - Mie Setan lv 1,Ordered on 30 January 2023,1,Baik,,
1701446020-747,https://gofood.co.id/en/surabaya/restaurant/mie-gacoan-genteng-f49fb30b-5b97-41b6-b66c-924da5d72fba/reviews,mienya bumbunya kurang meresap,3.0,Mie Setan lv 1 - Pangsit - Siomay,Ordered on 30 January 2023,0,Buruk,,
1701446020-748,https://gofood.co.id/en/surabaya/restaurant/mie-gacoan-genteng-f49fb30b-5b97-41b6-b66c-924da5d72fba/reviews,kemasannya kurang menarik.,4.0,Mie Angel - Mie Setan lv 1,Ordered on 29 January 2023,0,Buruk,,
1701446020-749,https://gofood.co.id/en/surabaya/restaurant/mie-gacoan-genteng-f49fb30b-5b97-41b6-b66c-924da5d72fba/reviews,"kurang lengkap, masa makan mie ga di kasih sendok / sumpit",3.0,Mie Iblis lv 3 - Lumpia Udang - Orange,Ordered on 29 January 2023,0,Buruk,,
1701446020-750,https://gofood.co.id/en/surabaya/restaurant/mie-gacoan-genteng-f49fb30b-5b97-41b6-b66c-924da5d72fba/reviews,Pokoknya is the best👍,4.0,Mie Setan lv 6 - Pangsit - Genderuwo,Ordered on 29 January 2023,1,Baik,,
1701446020-751,https://gofood.co.id/en/surabaya/restaurant/mie-gacoan-genteng-f49fb30b-5b97-41b6-b66c-924da5d72fba/reviews,udang rambutannya gaenak mienya hambar,2.0,Mie Iblis lv 1 - Udang Keju - Lumpia Udang - Mie Iblis lv 2 - Udang Rambutan,Ordered on 29 January 2023,0,Buruk,,
1701446020-752,https://gofood.co.id/en/surabaya/restaurant/mie-gacoan-genteng-f49fb30b-5b97-41b6-b66c-924da5d72fba/reviews,"enak, mantap, oke, iya",5.0,Mie Iblis lv 0 - Mie Iblis lv 2 - Udang Keju - Lumpia Udang,Ordered on 25 January 2023,1,Baik,,
1701446020-753,https://gofood.co.id/en/surabaya/restaurant/mie-gacoan-genteng-f49fb30b-5b97-41b6-b66c-924da5d72fba/reviews,"gaada rasanya anyep, beda sm gacoan yg lain.",2.0,Mie Iblis lv 0 - Mie Iblis lv 3 - Udang Keju - Lumpia Udang,Ordered on 28 January 2023,0,Buruk,,
1701446020-754,https://gofood.co.id/en/surabaya/restaurant/mie-gacoan-genteng-f49fb30b-5b97-41b6-b66c-924da5d72fba/reviews,pedes banget....,5.0,Mie Setan lv 2 - Mie Setan lv 4 - Mie Setan lv 3,Ordered on 28 January 2023,0,Buruk,,
1701446020-755,https://gofood.co.id/en/surabaya/restaurant/mie-gacoan-genteng-f49fb30b-5b97-41b6-b66c-924da5d72fba/reviews,favorit kata anak qu,5.0,Mie Setan lv 1 - Udang Keju,Ordered on 23 January 2023,1,Baik,,
1701446020-756,https://gofood.co.id/en/surabaya/restaurant/mie-gacoan-genteng-f49fb30b-5b97-41b6-b66c-924da5d72fba/reviews,minta level 1 TPI kek level 11 terlalu pedes gk bisa di makan,1.0,Mie Iblis lv 1 - Siomay,Ordered on 28 January 2023,0,Buruk,,
1701446020-757,https://gofood.co.id/en/surabaya/restaurant/mie-gacoan-genteng-f49fb30b-5b97-41b6-b66c-924da5d72fba/reviews,Pedes’mu gak logis karo pilihan level’ku !,4.0,Mie Setan lv 1 - Mie Setan lv 3 - Siomay - Lumpia Udang,Ordered on 26 January 2023,0,Buruk,,
1701446020-758,https://gofood.co.id/en/surabaya/restaurant/mie-gacoan-genteng-f49fb30b-5b97-41b6-b66c-924da5d72fba/reviews,Rasaaakaa enakkkkkkk,5.0,Mie Iblis lv 2 - Udang Keju - Lumpia Udang,Ordered on 25 January 2023,1,Baik,,
1701446020-759,https://gofood.co.id/en/surabaya/restaurant/mie-gacoan-genteng-f49fb30b-5b97-41b6-b66c-924da5d72fba/reviews,Enak banget asli,5.0,Mie Iblis lv 1 - Udang Keju - Mie Iblis lv 0 - Mie Iblis lv 3,Ordered on 26 January 2023,1,Baik,,
1701446020-760,https://gofood.co.id/en/surabaya/restaurant/mie-gacoan-genteng-f49fb30b-5b97-41b6-b66c-924da5d72fba/reviews,harga jk tidak pake kupon discount kemahalan,4.0,Mie Iblis lv 1 - Mie Iblis lv 3 - Udang Keju - Lumpia Udang,Ordered on 22 January 2023,0,Buruk,,
1701446020-761,https://gofood.co.id/en/surabaya/restaurant/mie-gacoan-genteng-f49fb30b-5b97-41b6-b66c-924da5d72fba/reviews,kurang banyak porsine,2.0,Mie Angel - Siomay,Ordered on 6 January 2023,0,Buruk,,
1701446020-762,https://gofood.co.id/en/surabaya/restaurant/mie-gacoan-genteng-f49fb30b-5b97-41b6-b66c-924da5d72fba/reviews,Mantuuulll bangettt level pedas nya🤯,5.0,Mie Angel - Mie Iblis lv 3 - Mie Setan lv 2,Ordered on 25 January 2023,1,Baik,,
1701446020-763,https://gofood.co.id/en/surabaya/restaurant/mie-gacoan-genteng-f49fb30b-5b97-41b6-b66c-924da5d72fba/reviews,drever ny ramah . saya suka,5.0,Mie Iblis lv 2 - Udang Rambutan,Ordered on 25 January 2023,1,Baik,,
1701446020-764,https://gofood.co.id/en/surabaya/restaurant/mie-gacoan-genteng-f49fb30b-5b97-41b6-b66c-924da5d72fba/reviews,mantappppppppppppppppppppppppppp,5.0,Mie Iblis lv 1 - Mie Iblis lv 2 - Udang Keju - Lumpia Udang,Ordered on 24 January 2023,1,Baik,,
1701446020-765,https://gofood.co.id/en/surabaya/restaurant/mie-gacoan-genteng-f49fb30b-5b97-41b6-b66c-924da5d72fba/reviews,somay nya hambar ga ada rasa sama sekali,2.0,Mie Iblis lv 0 - Siomay - Teh Tarik - Udang Rambutan,Ordered on 21 January 2023,0,Buruk,,
1701446020-766,https://gofood.co.id/en/surabaya/restaurant/mie-gacoan-genteng-f49fb30b-5b97-41b6-b66c-924da5d72fba/reviews,saya pesan udang keju tp di kasih lumpia udang:(,4.0,Mie Iblis lv 1 - Udang Keju,Ordered on 22 January 2023,0,Buruk,,
1701446020-767,https://gofood.co.id/en/surabaya/restaurant/mie-gacoan-genteng-f49fb30b-5b97-41b6-b66c-924da5d72fba/reviews,terimakasih mie terfavvv 💕,5.0,Mie Angel - Udang Keju - Udang Rambutan - Orange - Mie Iblis lv 2,Ordered on 22 January 2023,1,Baik,,
1701446020-768,https://gofood.co.id/en/surabaya/restaurant/mie-gacoan-genteng-f49fb30b-5b97-41b6-b66c-924da5d72fba/reviews,gacoann emg bestt,3.0,Mie Iblis lv 1 - Mie Iblis lv 3 - Pangsit - Udang Keju,Ordered on 21 January 2023,1,Baik,,
1701446020-769,https://gofood.co.id/en/surabaya/restaurant/mie-gacoan-genteng-f49fb30b-5b97-41b6-b66c-924da5d72fba/reviews,Mantaaaaaaaaaaaaaaaapppppppppppp,5.0,Mie Iblis lv 1 - Lumpia Udang - Teh - Udang Keju,Ordered on 21 January 2023,1,Baik,,
1701446020-770,https://gofood.co.id/en/surabaya/restaurant/mie-gacoan-genteng-f49fb30b-5b97-41b6-b66c-924da5d72fba/reviews,wokeeee wenaaaaaqqqqq,5.0,Mie Angel - Mie Iblis lv 0 - Mie Iblis lv 2 - Mie Iblis lv 1,Ordered on 20 January 2023,1,Baik,,
1701446020-771,https://gofood.co.id/en/surabaya/restaurant/mie-gacoan-genteng-f49fb30b-5b97-41b6-b66c-924da5d72fba/reviews,supit nya kasih yg bagusan dong!,4.0,Mie Iblis lv 4 - Udang Rambutan,Ordered on 20 January 2023,0,Buruk,,
1701446020-772,https://gofood.co.id/en/surabaya/restaurant/mie-gacoan-genteng-f49fb30b-5b97-41b6-b66c-924da5d72fba/reviews,porsi kurang rasanya lumayan tp antrinya lama,3.0,Mie Iblis lv 2 - Udang Rambutan - Udang Keju - Lumpia Udang - Milo - Siomay,Ordered on 13 January 2023,0,Buruk,,
1701446020-773,https://gofood.co.id/en/surabaya/restaurant/mie-gacoan-genteng-f49fb30b-5b97-41b6-b66c-924da5d72fba/reviews,GACOAN KENAPA ENAK POL DAN GAPERNAH BOSEN HERAN BGT GUAAA 🥺🤍🤍,5.0,Mie Iblis lv 3 - Udang Keju,Ordered on 7 January 2023,1,Baik,,
1701446020-774,https://gofood.co.id/en/surabaya/restaurant/mie-gacoan-genteng-f49fb30b-5b97-41b6-b66c-924da5d72fba/reviews,pesan lafel 1 tp pedasx seperti lavel 3/4 pedesnya minta ampun,3.0,Mie Iblis lv 1 - Udang Keju - Pangsit,Ordered on 17 January 2023,0,Buruk,,
1701446020-775,https://gofood.co.id/en/surabaya/restaurant/mie-gacoan-genteng-f49fb30b-5b97-41b6-b66c-924da5d72fba/reviews,Obat dikala betmut👍🏻,5.0,Mie Iblis lv 4 - Pangsit,Ordered on 14 January 2023,1,Baik,,
1701446020-776,https://gofood.co.id/en/surabaya/restaurant/mie-gacoan-genteng-f49fb30b-5b97-41b6-b66c-924da5d72fba/reviews,enak banget mantab... es tuyul kurang banyakan susunya... hehehe,5.0,Mie Iblis lv 2 - Udang Keju - Tuyul,Ordered on 17 January 2023,1,Baik,,
1701446020-777,https://gofood.co.id/en/surabaya/restaurant/mie-gacoan-genteng-f49fb30b-5b97-41b6-b66c-924da5d72fba/reviews,"Pesan level 2 pedesnya seperti level 8, yg level 3 malah ga pedes, level 4 tampilan mie full cabai ga bisa dimakan.. apakah cabai sedang murah? Atau ncefnya sedang gak mood, Kok ugal sekali pedasnya berbeda dari biasanya.",3.0,Mie Iblis lv 2 - Mie Iblis lv 3 - Mie Iblis lv 4,Ordered on 14 January 2023,0,Buruk,,
1701446020-778,https://gofood.co.id/en/surabaya/restaurant/mie-gacoan-genteng-f49fb30b-5b97-41b6-b66c-924da5d72fba/reviews,tulisan level tidak jelas,4.0,Mie Iblis lv 1 - Pangsit - Mie Setan lv 1 - Thai Tea Ori,Ordered on 16 January 2023,0,Buruk,,
1701446020-779,https://gofood.co.id/en/surabaya/restaurant/mie-gacoan-genteng-f49fb30b-5b97-41b6-b66c-924da5d72fba/reviews,mungkin karena rame jadi rasanya g kayak biasanya,3.0,Mie Iblis lv 4,Ordered on 16 January 2023,0,Buruk,,
1701446020-780,https://gofood.co.id/en/surabaya/restaurant/mie-gacoan-genteng-f49fb30b-5b97-41b6-b66c-924da5d72fba/reviews,biasa aja sih cuman laper aja dan banyak promo,3.0,Mie Iblis lv 1 - Mie Iblis lv 2 - Udang Keju - Teh,Ordered on 16 January 2023,1,Baik,,
1701446020-781,https://gofood.co.id/en/surabaya/restaurant/mie-gacoan-genteng-f49fb30b-5b97-41b6-b66c-924da5d72fba/reviews,trmksh..pdes mntep,5.0,Mie Setan lv 8 - Tuyul,Ordered on 16 January 2023,1,Baik,,
1701446020-782,https://gofood.co.id/en/surabaya/restaurant/mie-gacoan-genteng-f49fb30b-5b97-41b6-b66c-924da5d72fba/reviews,fav udang keju mantep,5.0,Mie Iblis lv 1 - Udang Keju - Udang Rambutan,Ordered on 20 December 2022,1,Baik,,
1701446020-783,https://gofood.co.id/en/surabaya/restaurant/mie-gacoan-genteng-f49fb30b-5b97-41b6-b66c-924da5d72fba/reviews,mienya enak banget khas gacoan. mantapp. mie nya kecil jadi rasanya kayak banyak banget. rekomen yang agak pedes biar ga bosen wkwk. overall worth dengan harganya.,5.0,Mie Iblis lv 0 - Mie Iblis lv 1 - Udang Rambutan - Udang Keju,Ordered on 15 January 2023,1,Baik,,
1701446020-784,https://gofood.co.id/en/surabaya/restaurant/mie-gacoan-genteng-f49fb30b-5b97-41b6-b66c-924da5d72fba/reviews,Nikmat dah pokoknya ga rugi,5.0,Mie Angel - Mie Setan lv 2 - Udang Keju - Udang Rambutan,Ordered on 14 January 2023,1,Baik,,
1701446020-785,https://gofood.co.id/en/surabaya/restaurant/mie-gacoan-genteng-f49fb30b-5b97-41b6-b66c-924da5d72fba/reviews,Greentea nya kurang manis,4.0,Mie Iblis lv 2 - Thai Green Tea,Ordered on 14 January 2023,0,Buruk,,
1701446020-786,https://gofood.co.id/en/surabaya/restaurant/mie-gacoan-genteng-f49fb30b-5b97-41b6-b66c-924da5d72fba/reviews,"kalau ngasih lvl yg bener! pesanan lvl 1 malah dikasih lvl 6, tolong untuk pelayannya kerja yg bener jgn asal""an ngasih tulisan!",1.0,Mie Iblis lv 4 - Mie Iblis lv 6 - Mie Iblis lv 1,Ordered on 13 January 2023,0,Buruk,,
1701446020-787,https://gofood.co.id/en/surabaya/restaurant/mie-gacoan-genteng-f49fb30b-5b97-41b6-b66c-924da5d72fba/reviews,"pesanan yg saya pesen kurang, pegawai kurang teliti. g ada es genderuwonya",1.0,Mie Iblis lv 1 - Udang Keju - Siomay - Genderuwo,Ordered on 13 January 2023,0,Buruk,,
1701446020-788,https://gofood.co.id/en/surabaya/restaurant/mie-gacoan-genteng-f49fb30b-5b97-41b6-b66c-924da5d72fba/reviews,enak sesuai seperti biasa..,5.0,Mie Iblis lv 0 - Mie Iblis lv 1 - Siomay,Ordered on 12 January 2023,1,Baik,,
1701446020-789,https://gofood.co.id/en/surabaya/restaurant/mie-gacoan-genteng-f49fb30b-5b97-41b6-b66c-924da5d72fba/reviews,Andalan bgt enak banget 😍😍,5.0,Mie Iblis lv 4 - Udang Keju - Udang Rambutan,Ordered on 11 January 2023,1,Baik,,
1701446020-790,https://gofood.co.id/en/surabaya/restaurant/mie-gacoan-genteng-f49fb30b-5b97-41b6-b66c-924da5d72fba/reviews,muantapp polll,5.0,Mie Iblis lv 4 - Udang Keju,Ordered on 11 January 2023,1,Baik,,
1701446020-791,https://gofood.co.id/en/surabaya/restaurant/mie-gacoan-genteng-f49fb30b-5b97-41b6-b66c-924da5d72fba/reviews,pesen lvl 1 tapi yg dateng ga pedes sm sekali bahkan kayak mie angel rasanya.,1.0,Mie Iblis lv 1 - Udang Keju,Ordered on 14 December 2022,0,Buruk,,
1701446020-792,https://gofood.co.id/en/surabaya/restaurant/mie-gacoan-genteng-f49fb30b-5b97-41b6-b66c-924da5d72fba/reviews,good masakan enak,5.0,Mie Iblis lv 2 - Mie Iblis lv 8 - Teh - Air Mineral - Lumpia Udang,Ordered on 10 January 2023,1,Baik,,
1701446020-793,https://gofood.co.id/en/surabaya/restaurant/mie-gacoan-genteng-f49fb30b-5b97-41b6-b66c-924da5d72fba/reviews,Kalo ordernya malem emang gini ya rasa pangsitnya 🙂🤮,2.0,Mie Iblis lv 1 - Pangsit,Ordered on 10 January 2023,0,Buruk,,
1701446020-794,https://gofood.co.id/en/surabaya/restaurant/mie-gacoan-genteng-f49fb30b-5b97-41b6-b66c-924da5d72fba/reviews,makanannya sedikit berminyak ga suka,3.0,Mie Iblis lv 1 - Thai Tea Ori,Ordered on 9 January 2023,0,Buruk,,
1701446020-795,https://gofood.co.id/en/surabaya/restaurant/mie-gacoan-genteng-f49fb30b-5b97-41b6-b66c-924da5d72fba/reviews,Agak lama tadi huhu:(,5.0,Mie Iblis lv 4 - Udang Rambutan - Udang Keju,Ordered on 8 January 2023,0,Buruk,,
1701446020-796,https://gofood.co.id/en/surabaya/restaurant/mie-gacoan-genteng-f49fb30b-5b97-41b6-b66c-924da5d72fba/reviews,persediaan lamaaaa,1.0,Mie Iblis lv 2 - Pangsit - Udang Keju,Ordered on 8 January 2023,0,Buruk,,
1701446020-797,https://gofood.co.id/en/surabaya/restaurant/mie-gacoan-genteng-f49fb30b-5b97-41b6-b66c-924da5d72fba/reviews,Thaknyou penyelamay lapar ..,4.0,Mie Iblis lv 0 - Udang Keju,Ordered on 4 January 2023,1,Baik,,
1701446020-798,https://gofood.co.id/en/surabaya/restaurant/mie-gacoan-genteng-f49fb30b-5b97-41b6-b66c-924da5d72fba/reviews,pesenny level 2 d ksh level 1,2.0,Mie Iblis lv 0 - Mie Setan lv 1 - Lumpia Udang - Udang Keju,Ordered on 8 January 2023,0,Buruk,,
1701446020-799,https://gofood.co.id/en/surabaya/restaurant/mie-gacoan-genteng-f49fb30b-5b97-41b6-b66c-924da5d72fba/reviews,"Kadang rasa mie nya enak, ini tadi kurang bumbunya dan gaenak",1.0,Mie Iblis lv 3 - Thai Tea Ori - Udang Rambutan,Ordered on 8 January 2023,0,Buruk,,
1701446020-800,https://gofood.co.id/en/surabaya/restaurant/mie-gacoan-genteng-f49fb30b-5b97-41b6-b66c-924da5d72fba/reviews,"rasanya kadang enak kadang biasa, kadang level 1 pedes, kadang ga ada rasaa, kedepan semoga konsisten lagii yawww rasanyaa, tapi tetep enak kok",5.0,Mie Iblis lv 1 - Udang Keju - Genderuwo,Ordered on 5 January 2023,0,Buruk,,
1701446020-801,https://gofood.co.id/en/surabaya/restaurant/mie-gacoan-genteng-f49fb30b-5b97-41b6-b66c-924da5d72fba/reviews,"Ya Tuhan, terima kasih telah menjaga kami. Saat cuaca dingin, tidak ada yang lebih menenangkan daripada makanan hangat untuk menghangatkan hati dan perut. Kata ""lezat"" mengungkapkan rasa kepuasan Anda yang kuat, dan kepuasan Anda membuat saya bahagia! Saya harap Anda akan sering memikirkan toko dan datang mengunjungi saya dalam pelukan saya, atau membiarkan saya tinggal di perut Anda. Bangunkan selera yang tertidur, dan makanan keluarga saya bersama.",5.0,Lumpia Udang - Udang Keju,Ordered on 7 January 2023,5,Buruk,,
1701446020-802,https://gofood.co.id/en/surabaya/restaurant/mie-gacoan-genteng-f49fb30b-5b97-41b6-b66c-924da5d72fba/reviews,"Orang yang bisa menuruti perkataannya akan membuat orang merasa praktis dan romantis Tidak ada kegiatan hari ini, hanya bahagia🍑🍕🍗🍖🍟🍔🌭 makan꙼̈ barang꙼̈ paling꙼̈ tinggi꙼̈ alam꙼̈ batas꙼̈ mata꙼̈ lihat꙼̈ untuk ꙼̈ makanan꙼",5.0,Lumpia Udang - Udang Keju - Udang Rambutan,Ordered on 7 January 2023,5,Buruk,,
1701446020-803,https://gofood.co.id/en/surabaya/restaurant/mie-gacoan-genteng-f49fb30b-5b97-41b6-b66c-924da5d72fba/reviews,tidak kayak pertama pembukaan,3.0,Mie Iblis lv 2 - Siomay,Ordered on 5 January 2023,0,Buruk,,
1701446020-804,https://gofood.co.id/en/surabaya/restaurant/mie-gacoan-genteng-f49fb30b-5b97-41b6-b66c-924da5d72fba/reviews,pangsit nya kurang matang n mie nya juga kurang lama masak nya,1.0,Mie Iblis lv 8 - Udang Rambutan - Udang Keju,Ordered on 6 January 2023,0,Buruk,,
1701446020-805,https://gofood.co.id/en/surabaya/restaurant/mie-gacoan-genteng-f49fb30b-5b97-41b6-b66c-924da5d72fba/reviews,Sudah dikasih keterangan cabe pisah tapi tetap dicampur :( padahal kalok beli selalu dipisah cabenya tapi kemaren enggak 🥲,3.0,Mie Iblis lv 1 - Mie Iblis lv 2 - Pangsit - Lumpia Udang - Udang Keju - Teh Tarik - Genderuwo - Udang Rambutan,Ordered on 4 January 2023,0,Buruk,,
1701446020-806,https://gofood.co.id/en/surabaya/restaurant/mie-gacoan-genteng-f49fb30b-5b97-41b6-b66c-924da5d72fba/reviews,"order Lv.1 tapi di box mie nya ada tulisan L.II pas dicoba emang beneran pedes 🤦🏻‍♀️untuk udang keju, lumpia udang nya juara sih..enak😁👍🏻",3.0,Mie Iblis lv 1 - Udang Rambutan - Udang Keju - Lumpia Udang,Ordered on 25 December 2022,1,Baik,,
1701446020-807,https://gofood.co.id/en/surabaya/restaurant/mie-gacoan-genteng-f49fb30b-5b97-41b6-b66c-924da5d72fba/reviews,thankyu...mantap..siipp..,5.0,Siomay - Mie Setan lv 3,Ordered on 6 January 2023,1,Baik,,
1701446020-808,https://gofood.co.id/en/surabaya/restaurant/mie-gacoan-genteng-f49fb30b-5b97-41b6-b66c-924da5d72fba/reviews,ya gitu deh. masih gaada tandingannya,5.0,Mie Iblis lv 4 - Udang Keju,Ordered on 5 January 2023,1,Baik,,
1701446020-809,https://gofood.co.id/en/surabaya/restaurant/mie-gacoan-genteng-f49fb30b-5b97-41b6-b66c-924da5d72fba/reviews,rasanya kurang mantul .ga masok blash .pekejing nya ditingkatin lah minimal udh ga jaman brand besar pakek sterofom,1.0,Udang Rambutan - Pangsit - Mie Setan lv 2,Ordered on 5 January 2023,0,Buruk,,
1701446020-810,https://gofood.co.id/en/surabaya/restaurant/mie-gacoan-genteng-f49fb30b-5b97-41b6-b66c-924da5d72fba/reviews,masih enak sih dan favorit aku dari dulu tapi gatau kenapa sekarang gampang eneg kalo makan gacoan,4.0,Mie Iblis lv 0 - Udang Rambutan,Ordered on 5 January 2023,1,Baik,,
1701446020-811,https://gofood.co.id/en/surabaya/restaurant/mie-gacoan-genteng-f49fb30b-5b97-41b6-b66c-924da5d72fba/reviews,jossssssssssssssss,5.0,Mie Setan lv 4 - Mie Setan lv 3 - Mie Setan lv 1 - Udang Rambutan,Ordered on 5 January 2023,1,Baik,,
1701446020-812,https://gofood.co.id/en/surabaya/restaurant/mie-gacoan-genteng-f49fb30b-5b97-41b6-b66c-924da5d72fba/reviews,kurang enak sekarang,5.0,Mie Setan lv 2 - Siomay - Lumpia Udang - Thai Tea Ori,Ordered on 4 January 2023,0,Buruk,,
1701446020-813,https://gofood.co.id/en/surabaya/restaurant/mie-gacoan-genteng-f49fb30b-5b97-41b6-b66c-924da5d72fba/reviews,tolong lain Kali kasih sumpit ya.,5.0,Mie Iblis lv 4 - Mie Setan lv 2 - Mie Iblis lv 1 - Siomay - Udang Rambutan - Udang Keju,Ordered on 2 January 2023,0,Buruk,,
1701446020-814,https://gofood.co.id/en/surabaya/restaurant/mie-gacoan-genteng-f49fb30b-5b97-41b6-b66c-924da5d72fba/reviews,Level 4 malah dibikinin mi level 1 👎🏽,1.0,Mie Setan lv 4 - Lumpia Udang - Teh - Udang Keju,Ordered on 3 January 2023,0,Buruk,,
1701446020-815,https://gofood.co.id/en/surabaya/restaurant/mie-gacoan-genteng-f49fb30b-5b97-41b6-b66c-924da5d72fba/reviews,mie gacoan genteng slalu juara daripada yg daerah Kenjeran,5.0,Mie Iblis lv 3 - Siomay - Udang Keju - Lumpia Udang - Mie Iblis lv 0 - Teh,Ordered on 2 January 2023,1,Baik,,
1701446020-816,https://gofood.co.id/en/surabaya/restaurant/mie-gacoan-genteng-f49fb30b-5b97-41b6-b66c-924da5d72fba/reviews,terimaksih banyak mnakannya enak,5.0,Mie Setan lv 3 - Sundelbolong,Ordered on 2 January 2023,1,Baik,,
1701446020-817,https://gofood.co.id/en/surabaya/restaurant/mie-gacoan-genteng-f49fb30b-5b97-41b6-b66c-924da5d72fba/reviews,pedes sekalincok,5.0,Mie Iblis lv 1 - Mie Iblis lv 4 - Mie Iblis lv 3 - Udang Keju,Ordered on 1 January 2023,0,Buruk,,
1701446020-818,https://gofood.co.id/en/surabaya/restaurant/mie-gacoan-genteng-f49fb30b-5b97-41b6-b66c-924da5d72fba/reviews,enak banget endos gandoss,5.0,Mie Iblis lv 3 - Genderuwo - Lumpia Udang - Siomay,Ordered on 25 December 2022,1,Baik,,
1701446020-819,https://gofood.co.id/en/surabaya/restaurant/mie-gacoan-genteng-f49fb30b-5b97-41b6-b66c-924da5d72fba/reviews,ga mengecewakan pokoknya .....,5.0,Mie Iblis lv 0 - Mie Iblis lv 1 - Mie Iblis lv 2,Ordered on 28 December 2022,1,Baik,,
1701446020-820,https://gofood.co.id/en/surabaya/restaurant/mie-gacoan-genteng-f49fb30b-5b97-41b6-b66c-924da5d72fba/reviews,makanannya mantab,5.0,Mie Iblis lv 1 - Udang Rambutan,Ordered on 31 December 2022,1,Baik,,
1701446020-821,https://gofood.co.id/en/surabaya/restaurant/mie-gacoan-genteng-f49fb30b-5b97-41b6-b66c-924da5d72fba/reviews,Tidak ada sumpit nya,5.0,Mie Iblis lv 2 - Udang Keju - Udang Rambutan - Lumpia Udang,Ordered on 29 December 2022,0,Buruk,,
1701446020-822,https://gofood.co.id/en/surabaya/restaurant/mie-gacoan-genteng-f49fb30b-5b97-41b6-b66c-924da5d72fba/reviews,Semoga bisa beli lagi,5.0,Mie Iblis lv 1 - Udang Rambutan,Ordered on 26 November 2022,1,Baik,,
1701446020-823,https://gofood.co.id/en/surabaya/restaurant/mie-gacoan-genteng-f49fb30b-5b97-41b6-b66c-924da5d72fba/reviews,Mantap benar deh,5.0,Mie Iblis lv 1 - Udang Rambutan,Ordered on 29 December 2022,1,Baik,,
1701446020-824,https://gofood.co.id/en/surabaya/restaurant/mie-gacoan-genteng-f49fb30b-5b97-41b6-b66c-924da5d72fba/reviews,pastikan alat makannya sekali lagi ya,3.0,Udang Keju - Lumpia Udang - Milo - Thai Green Tea - Mie Setan lv 1,Ordered on 30 December 2022,0,Buruk,,
1701446020-825,https://gofood.co.id/en/surabaya/restaurant/mie-gacoan-genteng-f49fb30b-5b97-41b6-b66c-924da5d72fba/reviews,ni ai wo wo ai ni mi xue bing cheng tianmi mi,5.0,Mie Iblis lv 3 - Udang Keju - Lumpia Udang,Ordered on 29 December 2022,5,Buruk,,
1701446020-826,https://gofood.co.id/en/surabaya/restaurant/mie-gacoan-genteng-f49fb30b-5b97-41b6-b66c-924da5d72fba/reviews,"min, masa dikasih sumpit isi 1 batang",5.0,Mie Angel - Mie Iblis lv 4,Ordered on 29 December 2022,0,Buruk,,
1701446020-827,https://gofood.co.id/en/surabaya/restaurant/mie-gacoan-genteng-f49fb30b-5b97-41b6-b66c-924da5d72fba/reviews,"saya beli 2 porsi dua duanya ga dikasih sumpit, saya makannya gimana😭",4.0,Mie Setan lv 6 - Mie Setan lv 4,Ordered on 29 December 2022,0,Buruk,,
1701446020-828,https://gofood.co.id/en/surabaya/restaurant/mie-gacoan-genteng-f49fb30b-5b97-41b6-b66c-924da5d72fba/reviews,Thankyou chef Gacoan,5.0,Mie Iblis lv 0 - Mie Iblis lv 2 - Mie Iblis lv 3 - Udang Keju - Air Mineral,Ordered on 29 December 2022,1,Baik,,
1701446020-829,https://gofood.co.id/en/surabaya/restaurant/mie-gacoan-genteng-f49fb30b-5b97-41b6-b66c-924da5d72fba/reviews,porsinya kurang,4.0,Mie Iblis lv 0,Ordered on 29 December 2022,0,Buruk,,
1701446020-830,https://gofood.co.id/en/surabaya/restaurant/mie-gacoan-genteng-f49fb30b-5b97-41b6-b66c-924da5d72fba/reviews,kurang kecapnya,4.0,Udang Keju - Orange - Mie Iblis lv 1,Ordered on 27 December 2022,0,Buruk,,
1701446020-831,https://gofood.co.id/en/surabaya/restaurant/mie-gacoan-genteng-f49fb30b-5b97-41b6-b66c-924da5d72fba/reviews,sekarang kenapa gacoan rasanya biasa aja sii :(( padahal dulu enak bgttt 😭😭😭,4.0,Mie Iblis lv 2 - Mie Iblis lv 6 - Siomay - Udang Rambutan - Udang Keju,Ordered on 23 December 2022,0,Buruk,,
1701446020-832,https://gofood.co.id/en/surabaya/restaurant/mie-gacoan-genteng-f49fb30b-5b97-41b6-b66c-924da5d72fba/reviews,ni ai wo wo ai ni mi xue bing cheng tianmi mi,5.0,Mie Iblis lv 1 - Udang Keju - Lemon Tea,Ordered on 27 December 2022,5,Buruk,,
1701446020-833,https://gofood.co.id/en/surabaya/restaurant/mie-gacoan-genteng-f49fb30b-5b97-41b6-b66c-924da5d72fba/reviews,Mie gacoan selalu terenak dan murah meriah,5.0,Mie Iblis lv 1 - Udang Keju - Lumpia Udang,Ordered on 26 December 2022,1,Baik,,
1701446020-834,https://gofood.co.id/en/surabaya/restaurant/mie-gacoan-genteng-f49fb30b-5b97-41b6-b66c-924da5d72fba/reviews,lumayan walaupun level yg di pesan kayaknya tertukar,5.0,Mie Iblis lv 3 - Mie Iblis lv 1 - Udang Rambutan - Siomay,Ordered on 26 December 2022,1,Baik,,
1701446020-835,https://gofood.co.id/en/surabaya/restaurant/mie-gacoan-genteng-f49fb30b-5b97-41b6-b66c-924da5d72fba/reviews,salah untuk kasih pesanan...pesan level 1 yang di kasih level 4,3.0,Mie Iblis lv 1 - Siomay - Lumpia Udang - Udang Rambutan,Ordered on 26 December 2022,0,Buruk,,
1701446020-836,https://gofood.co.id/en/surabaya/restaurant/mie-gacoan-genteng-f49fb30b-5b97-41b6-b66c-924da5d72fba/reviews,"mie tidak matang sempurna, masih menggumpal dan kurang bumvu",1.0,Mie Iblis lv 4 - Mie Iblis lv 2 - Teh,Ordered on 26 December 2022,0,Buruk,,
1701446020-837,https://gofood.co.id/en/surabaya/restaurant/mie-gacoan-genteng-f49fb30b-5b97-41b6-b66c-924da5d72fba/reviews,pedaaaaaas... seperti biasa.. mantap..,5.0,Mie Iblis lv 2 - Udang Rambutan - Udang Keju - Mie Iblis lv 1,Ordered on 26 December 2022,1,Baik,,
1701446020-838,https://gofood.co.id/en/surabaya/restaurant/mie-gacoan-genteng-f49fb30b-5b97-41b6-b66c-924da5d72fba/reviews,the best pokoknya,5.0,Mie Setan lv 1 - Udang Rambutan - Pocong,Ordered on 26 December 2022,1,Baik,,
1701446020-839,https://gofood.co.id/en/surabaya/restaurant/mie-gacoan-genteng-f49fb30b-5b97-41b6-b66c-924da5d72fba/reviews,rasa nya berubah dari sebelumnya,4.0,Mie Iblis lv 3 - Udang Rambutan - Mie Iblis lv 0,Ordered on 25 December 2022,0,Buruk,,
1701446020-840,https://gofood.co.id/en/surabaya/restaurant/mie-gacoan-genteng-f49fb30b-5b97-41b6-b66c-924da5d72fba/reviews,mienya kok kurang bumbu ya kak:’ ini hambar sama pucet gt tampilannya:’ gasukaaa. tapi udah kejunya enak kok,3.0,Mie Iblis lv 0 - Udang Keju,Ordered on 26 December 2022,0,Buruk,,
1701446020-841,https://gofood.co.id/en/surabaya/restaurant/mie-gacoan-genteng-f49fb30b-5b97-41b6-b66c-924da5d72fba/reviews,Mantap banget rasanya enak,5.0,Mie Iblis lv 0 - Genderuwo,Ordered on 25 December 2022,1,Baik,,
1701446020-842,https://gofood.co.id/en/surabaya/restaurant/mie-gacoan-genteng-f49fb30b-5b97-41b6-b66c-924da5d72fba/reviews,pedasnya pass dan porsinya cukup,5.0,Mie Iblis lv 4 - Lemon Tea - Udang Keju,Ordered on 25 December 2022,1,Baik,,
1701446020-843,https://gofood.co.id/en/surabaya/restaurant/mie-gacoan-genteng-f49fb30b-5b97-41b6-b66c-924da5d72fba/reviews,ni ai wo wo ai ni mi xue bing cheng tianmi mi,5.0,Mie Iblis lv 0 - Udang Keju - Lemon Tea,Ordered on 20 December 2022,5,Buruk,,
1701446020-844,https://gofood.co.id/en/surabaya/restaurant/mie-gacoan-genteng-f49fb30b-5b97-41b6-b66c-924da5d72fba/reviews,ni ai wo wo ai ni mi xue bing cheng tianmi mi,5.0,Mie Iblis lv 2 - Udang Keju,Ordered on 23 December 2022,5,Buruk,,
1701446020-845,https://gofood.co.id/en/surabaya/restaurant/mie-gacoan-genteng-f49fb30b-5b97-41b6-b66c-924da5d72fba/reviews,lupa tidak diberi sumpit ya..,3.0,Mie Iblis lv 1 - Mie Setan lv 1 - Pangsit,Ordered on 25 December 2022,0,Buruk,,
1701446020-846,https://gofood.co.id/en/surabaya/restaurant/mie-gacoan-genteng-f49fb30b-5b97-41b6-b66c-924da5d72fba/reviews,pesan level 1 di kasih level 11 tolong di teliti dulu sebelum di bikinin ya boss,2.0,Mie Iblis lv 0 - Mie Iblis lv 1,Ordered on 21 December 2022,0,Buruk,,
1701446020-847,https://gofood.co.id/en/surabaya/restaurant/mie-gacoan-genteng-f49fb30b-5b97-41b6-b66c-924da5d72fba/reviews,enak banget udang rambutannya sama mie nya 👍🏻,5.0,Mie Iblis lv 8 - Udang Rambutan,Ordered on 25 December 2022,1,Baik,,
1701446020-848,https://gofood.co.id/en/surabaya/restaurant/mie-gacoan-genteng-f49fb30b-5b97-41b6-b66c-924da5d72fba/reviews,valentina semangat ya,5.0,Mie Iblis lv 4 - Udang Keju,Ordered on 22 December 2022,5,Buruk,,
1701446020-849,https://gofood.co.id/en/surabaya/restaurant/mie-gacoan-genteng-f49fb30b-5b97-41b6-b66c-924da5d72fba/reviews,ya semoga di lancar kan rezekinya.dan kalok bisa jangan berhenti dulu beli bensin soalnya kelaparan😁👍,5.0,Udang Keju - Mie Iblis lv 4,Ordered on 24 December 2022,5,Buruk,,
1701446020-850,https://gofood.co.id/en/surabaya/restaurant/mie-gacoan-genteng-f49fb30b-5b97-41b6-b66c-924da5d72fba/reviews,enakk pollll rasa ya pas bangett di lidah saya,4.0,Mie Angel,Ordered on 24 December 2022,1,Baik,,
1701446020-851,https://gofood.co.id/en/surabaya/restaurant/mie-gacoan-genteng-f49fb30b-5b97-41b6-b66c-924da5d72fba/reviews,jaga terus kualitasnya,5.0,Mie Angel - Udang Keju - Udang Rambutan - Lumpia Udang - Mie Setan lv 1,Ordered on 24 December 2022,1,Baik,,
1701446020-852,https://gofood.co.id/en/surabaya/restaurant/mie-gacoan-genteng-f49fb30b-5b97-41b6-b66c-924da5d72fba/reviews,Gacoan selalu di hati,5.0,Mie Iblis lv 1 - Udang Rambutan - Udang Keju - Lumpia Udang,Ordered on 29 October 2022,1,Baik,,
1701446020-853,https://gofood.co.id/en/surabaya/restaurant/mie-gacoan-genteng-f49fb30b-5b97-41b6-b66c-924da5d72fba/reviews,enak banget dan porsi nya pas banget,5.0,Mie Setan lv 3,Ordered on 24 December 2022,1,Baik,,
1701446020-854,https://gofood.co.id/en/surabaya/restaurant/mie-gacoan-genteng-f49fb30b-5b97-41b6-b66c-924da5d72fba/reviews,Kurang nyos rasanya.. tolong belajar masak yang benar,5.0,Mie Iblis lv 1 - Pangsit,Ordered on 23 December 2022,0,Buruk,,
1701446020-855,https://gofood.co.id/en/surabaya/restaurant/mie-gacoan-genteng-f49fb30b-5b97-41b6-b66c-924da5d72fba/reviews,makasih pak udah nganterin malem malem semangat terus kerjanya pak,5.0,Mie Iblis lv 2 - Mie Iblis lv 0 - Udang Keju,Ordered on 22 December 2022,1,Baik,,
1701446020-856,https://gofood.co.id/en/surabaya/restaurant/mie-gacoan-genteng-f49fb30b-5b97-41b6-b66c-924da5d72fba/reviews,sip laaaaaaaaaaaah,5.0,Mie Iblis lv 1 - Udang Keju - Udang Rambutan,Ordered on 22 December 2022,1,Baik,,
1701446020-857,https://gofood.co.id/en/surabaya/restaurant/mie-gacoan-genteng-f49fb30b-5b97-41b6-b66c-924da5d72fba/reviews,"sdh order beberapa x, selalu stereo foam luar bnyk minyak dan bumbu2 mienya lengket,bawang juga, bahkan di bagian bawah",4.0,Lumpia Udang - Mie Iblis lv 1 - Mie Setan lv 1,Ordered on 22 December 2022,0,Buruk,,
1701446020-858,https://gofood.co.id/en/surabaya/restaurant/mie-gacoan-genteng-f49fb30b-5b97-41b6-b66c-924da5d72fba/reviews,debest dikala mood lgi katcaww🤟🏻,5.0,Mie Iblis lv 6 - Pangsit - Mie Setan lv 1,Ordered on 21 December 2022,1,Baik,,
1701446020-859,https://gofood.co.id/en/surabaya/restaurant/mie-gacoan-genteng-f49fb30b-5b97-41b6-b66c-924da5d72fba/reviews,top markotop deh....,5.0,Mie Setan lv 3 - Udang Keju - Mie Iblis lv 1,Ordered on 21 December 2022,1,Baik,,
1701446020-860,https://gofood.co.id/en/surabaya/restaurant/mie-gacoan-genteng-f49fb30b-5b97-41b6-b66c-924da5d72fba/reviews,mantul banget rasanya sayang,5.0,Mie Setan lv 2 - Udang Keju,Ordered on 21 December 2022,1,Baik,,
1701446020-861,https://gofood.co.id/en/surabaya/restaurant/mie-gacoan-genteng-f49fb30b-5b97-41b6-b66c-924da5d72fba/reviews,"good job, jaya selalu",5.0,Mie Iblis lv 6 - Mie Iblis lv 0 - Siomay - Udang Rambutan,Ordered on 21 December 2022,1,Baik,,
1701446020-862,https://gofood.co.id/en/surabaya/restaurant/mie-gacoan-genteng-f49fb30b-5b97-41b6-b66c-924da5d72fba/reviews,"suka kalau makanan ya masih hangat gini nyampenya,,, terimakasih sudah buat sarapan untuk aku",5.0,Mie Iblis lv 0 - Lumpia Udang - Siomay,Ordered on 21 December 2022,1,Baik,,
1701446020-863,https://gofood.co.id/en/surabaya/restaurant/mie-gacoan-genteng-f49fb30b-5b97-41b6-b66c-924da5d72fba/reviews,Pesanan beda dengan yg dipesan,2.0,Mie Iblis lv 2 - Udang Keju,Ordered on 20 December 2022,0,Buruk,,
1701446020-864,https://gofood.co.id/en/surabaya/restaurant/mie-gacoan-genteng-f49fb30b-5b97-41b6-b66c-924da5d72fba/reviews,lain kali kalo ada masalah crita ya ixiix,5.0,Mie Iblis lv 1 - Udang Rambutan,Ordered on 20 December 2022,5,Buruk,,
1701446020-865,https://gofood.co.id/en/surabaya/restaurant/mie-gacoan-genteng-f49fb30b-5b97-41b6-b66c-924da5d72fba/reviews,terimakasih banyak,5.0,Mie Iblis lv 1 - Udang Keju - Udang Rambutan,Ordered on 20 December 2022,1,Baik,,
1701446020-866,https://gofood.co.id/en/surabaya/restaurant/mie-gacoan-genteng-f49fb30b-5b97-41b6-b66c-924da5d72fba/reviews,pedesnya mantul,5.0,Mie Setan lv 8 - Mie Setan lv 3,Ordered on 16 December 2022,1,Baik,,
1701446020-867,https://gofood.co.id/en/surabaya/restaurant/mie-gacoan-genteng-f49fb30b-5b97-41b6-b66c-924da5d72fba/reviews,"rasa mienya cuma pedes, gurihnya kalah sama pedesnya...",5.0,Mie Setan lv 4 - Udang Keju - Lumpia Udang - Thai Tea Ori,Ordered on 20 December 2022,0,Buruk,,
1701446020-868,https://gofood.co.id/en/surabaya/restaurant/mie-gacoan-genteng-f49fb30b-5b97-41b6-b66c-924da5d72fba/reviews,"Kemasannya kurang baik dan tidak sesuai utk kesehatan, seharusnya menggunakan kotak kemasan berbahan kertas. Saya beli 3 porsi tetapi alat makan hanya 2. Tolong di tingkatkan lagi ..",4.0,Mie Iblis lv 1 - Mie Setan lv 1 - Tuyul,Ordered on 19 December 2022,0,Buruk,,
1701446020-869,https://gofood.co.id/en/surabaya/restaurant/mie-gacoan-genteng-f49fb30b-5b97-41b6-b66c-924da5d72fba/reviews,ok enak nyaman dan ebdul,5.0,Udang Rambutan - Mie Iblis lv 2 - Mie Iblis lv 1 - Mie Iblis lv 0,Ordered on 18 December 2022,1,Baik,,
1701446020-870,https://gofood.co.id/en/surabaya/restaurant/mie-gacoan-genteng-f49fb30b-5b97-41b6-b66c-924da5d72fba/reviews,saya pesen level 1 terlihat banyak cabenya,2.0,Mie Iblis lv 1 - Mie Iblis lv 4 - Udang Rambutan - Lumpia Udang,Ordered on 18 December 2022,0,Buruk,,
1701446020-871,https://gofood.co.id/en/surabaya/restaurant/mie-gacoan-genteng-f49fb30b-5b97-41b6-b66c-924da5d72fba/reviews,ni ai wo wo ai ni mi xue bing cheng tianmi mi,5.0,Mie Setan lv 8 - Udang Keju - Lemon Tea,Ordered on 17 December 2022,5,Buruk,,
1701446020-872,https://gofood.co.id/en/surabaya/restaurant/mie-gacoan-genteng-f49fb30b-5b97-41b6-b66c-924da5d72fba/reviews,pedasnya terasa banget🥵,5.0,Mie Iblis lv 8 - Mie Setan lv 8 - Mie Iblis lv 4,Ordered on 16 December 2022,0,Buruk,,
1701446020-873,https://gofood.co.id/en/surabaya/restaurant/mie-gacoan-genteng-f49fb30b-5b97-41b6-b66c-924da5d72fba/reviews,selamat makan...,5.0,Mie Iblis lv 3,Ordered on 16 December 2022,5,Buruk,,
1701446020-874,https://gofood.co.id/en/surabaya/restaurant/mie-gacoan-genteng-f49fb30b-5b97-41b6-b66c-924da5d72fba/reviews,"Plus: recommended buat yang suka pedas, porsinya banyak, udang kejunya enak. Minus: mienya seperti tidak pakai bumbu,pangsitnya cuma terasa tepung saja",4.0,Mie Setan lv 8 - Udang Keju,Ordered on 16 December 2022,5,Buruk,,
1701446020-875,https://gofood.co.id/en/surabaya/restaurant/mie-gacoan-genteng-f49fb30b-5b97-41b6-b66c-924da5d72fba/reviews,sausnya dikit banget ya hehe,4.0,Mie Iblis lv 2 - Siomay - Thai Tea Ori,Ordered on 16 December 2022,0,Buruk,,
1701446020-876,https://gofood.co.id/en/surabaya/restaurant/mie-gacoan-genteng-f49fb30b-5b97-41b6-b66c-924da5d72fba/reviews,"masa wadahnya styrofoam, sumpit kayunya rapuh, ga maju, ga seperti di bali, kalau pesen lewat gojek wadah nya bukan styrofoam, rasanya padahal enak,perlu di tingkatkan lagi",1.0,Mie Angel - Coklat,Ordered on 13 December 2022,0,Buruk,,
1701446020-877,https://gofood.co.id/en/surabaya/restaurant/mie-gacoan-genteng-f49fb30b-5b97-41b6-b66c-924da5d72fba/reviews,Gk kering hambar,2.0,Mie Setan lv 1,Ordered on 13 December 2022,0,Buruk,,
1701446020-878,https://gofood.co.id/en/surabaya/restaurant/mie-gacoan-genteng-f49fb30b-5b97-41b6-b66c-924da5d72fba/reviews,"Tumpah 2kotak. Jadi kebuang ga pantas buat suguhan orang. Faktor kemasan tidak rapat, kresek buesar, dan driver juga berpengaruh.",3.0,Mie Iblis lv 2 - Mie Iblis lv 3,Ordered on 11 December 2022,0,Buruk,,
1701446020-879,https://gofood.co.id/en/surabaya/restaurant/mie-gacoan-genteng-f49fb30b-5b97-41b6-b66c-924da5d72fba/reviews,"rasa udang rambutnya kurang,agak hambar🙏",3.0,Mie Iblis lv 1 - Udang Rambutan,Ordered on 14 December 2022,0,Buruk,,
1701446020-880,https://gofood.co.id/en/surabaya/restaurant/mie-gacoan-genteng-f49fb30b-5b97-41b6-b66c-924da5d72fba/reviews,"untuk rasa pas porsi mantep polll,, dari beberapa cabang gacoan paling best di sini 🥰",5.0,Mie Iblis lv 6 - Mie Iblis lv 4 - Udang Keju - Sundelbolong,Ordered on 12 December 2022,1,Baik,,
1701446020-881,https://gofood.co.id/en/surabaya/restaurant/mie-gacoan-genteng-f49fb30b-5b97-41b6-b66c-924da5d72fba/reviews,menu favorit 👍👍👍,5.0,Mie Setan lv 1 - Mie Iblis lv 1 - Mie Iblis lv 4 - Teh Tarik,Ordered on 12 December 2022,1,Baik,,
1701446020-882,https://gofood.co.id/en/surabaya/restaurant/mie-gacoan-genteng-f49fb30b-5b97-41b6-b66c-924da5d72fba/reviews,is the best pkoknya👍💯,5.0,Mie Iblis lv 2 - Siomay - Teh,Ordered on 13 December 2022,1,Baik,,
1701446020-883,https://gofood.co.id/en/surabaya/restaurant/mie-gacoan-genteng-f49fb30b-5b97-41b6-b66c-924da5d72fba/reviews,Semangat teruss dan pertahankan cita rasanya👌,5.0,Udang Rambutan - Lumpia Udang - Pangsit - Mie Iblis lv 3 - Mie Iblis lv 1,Ordered on 13 December 2022,1,Baik,,
1701446020-884,https://gofood.co.id/en/surabaya/restaurant/mie-gacoan-genteng-f49fb30b-5b97-41b6-b66c-924da5d72fba/reviews,"Udah request minta tambah saos gak Di kasih, dan saos nya gak kayak biasanya yang kental, ini malah encer kayak di kasih air, apa karena stock nipis jadinya cara handle produk nyeleweng dari SOP yang ada, bener² udah gak kayak biasanya sambalnya, terlalu encerrr polll, apa karena omset tinggi juga produk malah jadi ngawur gak kemana²",2.0,Mie Iblis lv 0 - Udang Rambutan - Pangsit,Ordered on 12 December 2022,0,Buruk,,
1701446020-885,https://gofood.co.id/en/surabaya/restaurant/mie-gacoan-genteng-f49fb30b-5b97-41b6-b66c-924da5d72fba/reviews,"terima kasih, sangat menikmati",5.0,Mie Iblis lv 1 - Udang Rambutan - Udang Keju,Ordered on 12 December 2022,1,Baik,,
1701446020-886,https://gofood.co.id/en/surabaya/restaurant/mie-gacoan-genteng-f49fb30b-5b97-41b6-b66c-924da5d72fba/reviews,enak pool mantap,5.0,Mie Iblis lv 2 - Teh Tarik - Thai Green Tea,Ordered on 11 December 2022,1,Baik,,
1701446020-887,https://gofood.co.id/en/surabaya/restaurant/mie-gacoan-genteng-f49fb30b-5b97-41b6-b66c-924da5d72fba/reviews,"MOHON DI CEK LAGI PESANANNYA, KARENA PESANAN SAYA TADI KURANG 1, DI APLIKASI TERTULIS PESANANNYA 4, TAPI YG SAYA DAPAT CUMA 3",4.0,Mie Angel - Mie Iblis lv 1,Ordered on 11 December 2022,0,Buruk,,
1701446020-888,https://gofood.co.id/en/surabaya/restaurant/mie-gacoan-genteng-f49fb30b-5b97-41b6-b66c-924da5d72fba/reviews,cintaah pool kayak biasanya,5.0,Mie Iblis lv 1 - Udang Keju - Udang Rambutan - Genderuwo,Ordered on 10 December 2022,1,Baik,,
1701446020-889,https://gofood.co.id/en/surabaya/restaurant/mie-gacoan-genteng-f49fb30b-5b97-41b6-b66c-924da5d72fba/reviews,"sekarang rasa tepung, dulu rasa udang ayam banget",4.0,Udang Keju,Ordered on 11 December 2022,0,Buruk,,
1701446020-890,https://gofood.co.id/en/surabaya/restaurant/mie-gacoan-genteng-f49fb30b-5b97-41b6-b66c-924da5d72fba/reviews,"Ga ada alat makan, minumannya tawar mohon lebih teliti lagi jujur sangat kecewa",1.0,Mie Iblis lv 0 - Lumpia Udang - Coklat,Ordered on 11 December 2022,0,Buruk,,
1701446020-891,https://gofood.co.id/en/surabaya/restaurant/mie-gacoan-genteng-f49fb30b-5b97-41b6-b66c-924da5d72fba/reviews,mie gacoan genteng slalu enak beda sama yg d cabang Kenjeran .. dimsum rasa es batu kyk gak dimasak dingin banget,5.0,Mie Iblis lv 3 - Siomay - Udang Keju - Teh,Ordered on 10 December 2022,1,Baik,,
1701446020-892,https://gofood.co.id/en/surabaya/restaurant/mie-gacoan-genteng-f49fb30b-5b97-41b6-b66c-924da5d72fba/reviews,kenapa sambalnya ada asemnya...biasanya juga gak pernah gini,3.0,Mie Setan lv 1 - Mie Setan lv 2 - Mie Setan lv 3 - Mie Iblis lv 0,Ordered on 9 December 2022,0,Buruk,,
1701446020-893,https://gofood.co.id/en/surabaya/restaurant/mie-gacoan-genteng-f49fb30b-5b97-41b6-b66c-924da5d72fba/reviews,sayang deh sama chefnya,5.0,Udang Keju,Ordered on 9 December 2022,1,Baik,,
1701446020-894,https://gofood.co.id/en/surabaya/restaurant/mie-gacoan-genteng-f49fb30b-5b97-41b6-b66c-924da5d72fba/reviews,"Meskipun kita biasa dan kecil, tetapi masih bisa bersinar seperti bintang - perut Qinglin Zhichu sangat lapar, saya hanya bisa mengepalkan tangan, memukul perut mereka sendiri, untuk membantu diri mereka sendiri mengekspor gas yang lapar",5.0,Lumpia Udang - Udang Keju,Ordered on 9 December 2022,5,Buruk,,
1701446020-895,https://gofood.co.id/en/surabaya/restaurant/mie-gacoan-genteng-f49fb30b-5b97-41b6-b66c-924da5d72fba/reviews,wenaxnya poollaah🥳,5.0,Mie Iblis lv 2 - Udang Rambutan - Udang Keju - Genderuwo - Mie Angel,Ordered on 9 December 2022,1,Baik,,
1701446020-896,https://gofood.co.id/en/surabaya/restaurant/mie-gacoan-genteng-f49fb30b-5b97-41b6-b66c-924da5d72fba/reviews,enak dan mantap,5.0,Mie Iblis lv 4 - Pangsit,Ordered on 8 December 2022,1,Baik,,
1701446020-897,https://gofood.co.id/en/surabaya/restaurant/mie-gacoan-genteng-f49fb30b-5b97-41b6-b66c-924da5d72fba/reviews,Baru tau kalau pakai stereofoam. 😐 Sumpitnya baunya juga nyengat. 😐,3.0,Mie Iblis lv 0 - Mie Iblis lv 1 - Udang Keju - Mie Iblis lv 2 - Lumpia Udang,Ordered on 7 December 2022,0,Buruk,,
1701446020-898,https://gofood.co.id/en/surabaya/restaurant/mie-gacoan-genteng-f49fb30b-5b97-41b6-b66c-924da5d72fba/reviews,"asli ga ngecewain banget si rasanya nampoll bangett, soon beli lagi",5.0,Mie Iblis lv 4,Ordered on 6 December 2022,1,Baik,,
1701446020-899,https://gofood.co.id/en/surabaya/restaurant/mie-gacoan-genteng-f49fb30b-5b97-41b6-b66c-924da5d72fba/reviews,cepat sampe dan enak,5.0,Mie Iblis lv 1 - Mie Setan lv 3 - Mie Setan lv 4 - Pangsit,Ordered on 6 December 2022,1,Baik,,
1701446020-900,https://gofood.co.id/en/surabaya/restaurant/mie-gacoan-genteng-f49fb30b-5b97-41b6-b66c-924da5d72fba/reviews,iya kurang banyak.kayak makannya porsi anak kecil lebih enak pangsitnya basah,3.0,Mie Angel - Siomay - Lumpia Udang,Ordered on 5 December 2022,0,Buruk,,
1701446020-901,https://gofood.co.id/en/surabaya/restaurant/mie-gacoan-genteng-f49fb30b-5b97-41b6-b66c-924da5d72fba/reviews,pesen lv 1 sama 2 di kirim lV 11 sama 13,1.0,Mie Iblis lv 1 - Mie Iblis lv 3 - Milo - Teh Tarik,Ordered on 6 December 2022,0,Buruk,,
1701446020-902,https://gofood.co.id/en/surabaya/restaurant/mie-gacoan-genteng-f49fb30b-5b97-41b6-b66c-924da5d72fba/reviews,pelit disaos.. padahal diresto saos dibuang²... customer yg pesan online minta tambahan saos aja gak dikasih🤔🙄😒,4.0,Mie Iblis lv 1 - Lumpia Udang - Mie Angel - Udang Keju,Ordered on 5 December 2022,0,Buruk,,
1701446020-903,https://gofood.co.id/en/surabaya/restaurant/mie-gacoan-genteng-f49fb30b-5b97-41b6-b66c-924da5d72fba/reviews,"porsi kurang banyak, heheheh msh laper",4.0,Mie Iblis lv 0 - Mie Iblis lv 1 - Udang Rambutan,Ordered on 30 November 2022,1,Baik,,
1701446020-904,https://gofood.co.id/en/surabaya/restaurant/mie-gacoan-genteng-f49fb30b-5b97-41b6-b66c-924da5d72fba/reviews,rasa ga seperti biasanyaaaaaaaa...,3.0,Mie Angel - Mie Setan lv 4 - Mie Iblis lv 1 - Siomay,Ordered on 4 December 2022,0,Buruk,,
1701446020-905,https://gofood.co.id/en/surabaya/restaurant/mie-gacoan-genteng-f49fb30b-5b97-41b6-b66c-924da5d72fba/reviews,mie terr enak favv bgtt❤️,5.0,Mie Iblis lv 1 - Siomay - Udang Keju,Ordered on 4 December 2022,1,Baik,,
1701446020-906,https://gofood.co.id/en/surabaya/restaurant/mie-gacoan-genteng-f49fb30b-5b97-41b6-b66c-924da5d72fba/reviews,saos encer,3.0,Mie Iblis lv 3 - Udang Keju - Lumpia Udang - Mie Iblis lv 1 - Siomay,Ordered on 1 December 2022,0,Buruk,,
1701446020-907,https://gofood.co.id/en/surabaya/restaurant/mie-gacoan-genteng-f49fb30b-5b97-41b6-b66c-924da5d72fba/reviews,terimakasih ya cheff enak sekali . pertahanan kualitas rasa nya🥰🥰,5.0,Mie Iblis lv 0 - Mie Iblis lv 2,Ordered on 4 December 2022,1,Baik,,
1701446020-908,https://gofood.co.id/en/surabaya/restaurant/mie-gacoan-genteng-f49fb30b-5b97-41b6-b66c-924da5d72fba/reviews,rasanya terkewer keweeeerrrr . . .,5.0,Mie Iblis lv 2 - Mie Iblis lv 4 - Mie Iblis lv 0,Ordered on 4 December 2022,1,Baik,,
1701446020-909,https://gofood.co.id/en/surabaya/restaurant/mie-gacoan-genteng-f49fb30b-5b97-41b6-b66c-924da5d72fba/reviews,"mie angelnya minta gak pedas,tapi kok pedas ya",4.0,Mie Angel - Mie Iblis lv 1 - Udang Keju,Ordered on 3 December 2022,0,Buruk,,
1701446020-910,https://gofood.co.id/en/surabaya/restaurant/mie-gacoan-genteng-f49fb30b-5b97-41b6-b66c-924da5d72fba/reviews,"Kayaknya salah level ini, biasanya level 1 tdk sepedas ini",3.0,Mie Iblis lv 1 - Lumpia Udang - Mie Iblis lv 0,Ordered on 2 December 2022,0,Buruk,,
1701446020-911,https://gofood.co.id/en/surabaya/restaurant/mie-gacoan-genteng-f49fb30b-5b97-41b6-b66c-924da5d72fba/reviews,top chefnya enak makanannya,5.0,Mie Iblis lv 8 - Udang Rambutan - Udang Keju - Lumpia Udang - Pangsit,Ordered on 1 December 2022,1,Baik,,
1701446020-912,https://gofood.co.id/en/surabaya/restaurant/mie-gacoan-genteng-f49fb30b-5b97-41b6-b66c-924da5d72fba/reviews,bumbu mienya ga merata jadinya ada mie yg masih putih. trus mienya benyek. baru kali ini order disini tapi gaenak.,1.0,Mie Iblis lv 1 - Udang Rambutan - Tuyul,Ordered on 1 December 2022,0,Buruk,,
1701446020-913,https://gofood.co.id/en/surabaya/restaurant/mie-gacoan-genteng-f49fb30b-5b97-41b6-b66c-924da5d72fba/reviews,pokoknya mantap,5.0,Mie Iblis lv 2 - Tuyul,Ordered on 30 November 2022,1,Baik,,
1701446020-914,https://gofood.co.id/en/surabaya/restaurant/mie-gacoan-genteng-f49fb30b-5b97-41b6-b66c-924da5d72fba/reviews,"Untuk mie nya kemaren sedikit tumpah, overall bagus",3.0,Mie Iblis lv 1 - Udang Keju,Ordered on 28 November 2022,1,Baik,,
1701446020-915,https://gofood.co.id/en/surabaya/restaurant/mie-gacoan-genteng-f49fb30b-5b97-41b6-b66c-924da5d72fba/reviews,"mienya ngegumpal bree, ga di kasik sumpit,teh tariknya kayak air rasanya. kecawa poll",1.0,Mie Iblis lv 2 - Udang Keju - Teh Tarik - Lumpia Udang,Ordered on 28 November 2022,0,Buruk,,
1701446020-916,https://gofood.co.id/en/surabaya/restaurant/mie-gacoan-genteng-f49fb30b-5b97-41b6-b66c-924da5d72fba/reviews,enak sesuai pesanan,5.0,Mie Iblis lv 1 - Mie Iblis lv 3,Ordered on 28 November 2022,1,Baik,,
1701446020-917,https://gofood.co.id/en/surabaya/restaurant/mie-gacoan-genteng-f49fb30b-5b97-41b6-b66c-924da5d72fba/reviews,"beli 2, level satu semua tp satunya cabe nya banyak bgt sdngkn yg satunya normal...",5.0,Mie Iblis lv 1,Ordered on 25 November 2022,0,Buruk,,
1701446020-918,https://gofood.co.id/en/surabaya/restaurant/mie-gacoan-genteng-f49fb30b-5b97-41b6-b66c-924da5d72fba/reviews,enak ga eneg ga bosen jg nyobanya,5.0,Mie Iblis lv 0 - Mie Iblis lv 1 - Mie Setan lv 1,Ordered on 27 November 2022,1,Baik,,
1701446020-919,https://gofood.co.id/en/surabaya/restaurant/mie-gacoan-genteng-f49fb30b-5b97-41b6-b66c-924da5d72fba/reviews,gacoan pasti enak dong,5.0,Mie Iblis lv 1 - Udang Keju - Udang Rambutan - Genderuwo - Tuyul,Ordered on 25 November 2022,1,Baik,,
1701446020-920,https://gofood.co.id/en/surabaya/restaurant/mie-gacoan-genteng-f49fb30b-5b97-41b6-b66c-924da5d72fba/reviews,mantap enak palayananya cepat,5.0,Mie Iblis lv 1 - Mie Iblis lv 2 - Mie Iblis lv 3 - Udang Keju,Ordered on 26 November 2022,1,Baik,,
1701446020-921,https://gofood.co.id/en/surabaya/restaurant/mie-gacoan-genteng-f49fb30b-5b97-41b6-b66c-924da5d72fba/reviews,enaakkk tp pedes bangeettt padahal lv 1 :( sarannya adain yg request percabe hehehe,5.0,Mie Iblis lv 1,Ordered on 4 November 2022,1,Baik,,
1701446020-922,https://gofood.co.id/en/surabaya/restaurant/mie-gacoan-genteng-f49fb30b-5b97-41b6-b66c-924da5d72fba/reviews,nagih bgt sih❤️,5.0,Mie Iblis lv 1 - Siomay,Ordered on 4 November 2022,1,Baik,,
1701446020-923,https://gofood.co.id/en/surabaya/restaurant/mie-gacoan-genteng-f49fb30b-5b97-41b6-b66c-924da5d72fba/reviews,josssssssssssss,5.0,Mie Angel - Mie Iblis lv 4,Ordered on 25 November 2022,1,Baik,,
1701446020-924,https://gofood.co.id/en/surabaya/restaurant/mie-gacoan-genteng-f49fb30b-5b97-41b6-b66c-924da5d72fba/reviews,"enak banget,trima ksh buat karyawan smuanya",5.0,Mie Setan lv 3 - Mie Angel - Mie Iblis lv 4 - Mie Setan lv 4,Ordered on 16 October 2022,1,Baik,,
1701446020-925,https://gofood.co.id/en/surabaya/restaurant/mie-gacoan-genteng-f49fb30b-5b97-41b6-b66c-924da5d72fba/reviews,klo dtg lsg ke lokasi males antrinya.  lbh enak via gofood. tinggal duduk mais brg sdh diantar sm abang gojeknya,5.0,Udang Keju - Siomay - Lumpia Udang,Ordered on 24 November 2022,1,Baik,,
1701446020-926,https://gofood.co.id/en/surabaya/restaurant/mie-gacoan-genteng-f49fb30b-5b97-41b6-b66c-924da5d72fba/reviews,bener2 terasa enak no kaleng2,5.0,Mie Iblis lv 0 - Mie Iblis lv 1 - Udang Rambutan,Ordered on 22 November 2022,1,Baik,,
1701446020-927,https://gofood.co.id/en/surabaya/restaurant/mie-gacoan-genteng-f49fb30b-5b97-41b6-b66c-924da5d72fba/reviews,selalu langganan pokoknya gak bosen deh rasa pedesnya mantul banget,5.0,Mie Iblis lv 6,Ordered on 22 November 2022,1,Baik,,
1701446020-928,https://gofood.co.id/en/surabaya/restaurant/mie-gacoan-genteng-f49fb30b-5b97-41b6-b66c-924da5d72fba/reviews,"minta extra dau bawang gak direken, minta extra saus gak direken juga. Huuu dasar peliitt.!!! 😭😭😭",4.0,Mie Iblis lv 3 - Mie Iblis lv 2 - Udang Keju - Udang Rambutan,Ordered on 21 November 2022,0,Buruk,,
1701446020-929,https://gofood.co.id/en/surabaya/restaurant/mie-gacoan-genteng-f49fb30b-5b97-41b6-b66c-924da5d72fba/reviews,sudah dikasih ketengan minta tambah saus utk dimsum nya tapi gak dikasih,2.0,Mie Iblis lv 4 - Mie Iblis lv 3 - Udang Keju,Ordered on 22 November 2022,0,Buruk,,
1701446020-930,https://gofood.co.id/en/surabaya/restaurant/mie-gacoan-genteng-f49fb30b-5b97-41b6-b66c-924da5d72fba/reviews,enakke puol pokoke wes langganan gak onok bosene,5.0,Mie Setan lv 1 - Mie Iblis lv 3 - Siomay - Mie Iblis lv 6,Ordered on 19 November 2022,1,Baik,,
1701446020-931,https://gofood.co.id/en/surabaya/restaurant/mie-gacoan-genteng-f49fb30b-5b97-41b6-b66c-924da5d72fba/reviews,terimakasih okeh,5.0,Mie Iblis lv 0 - Siomay - Udang Keju - Air Mineral,Ordered on 19 November 2022,1,Baik,,
1701446020-932,https://gofood.co.id/en/surabaya/restaurant/mie-gacoan-genteng-f49fb30b-5b97-41b6-b66c-924da5d72fba/reviews,enak . porsi pas dan gorengannya top rasanya,5.0,Mie Iblis lv 4 - Mie Iblis lv 0 - Pangsit - Mie Angel - Mie Iblis lv 2,Ordered on 19 November 2022,1,Baik,,
1701446020-933,https://gofood.co.id/en/surabaya/restaurant/mie-gacoan-genteng-f49fb30b-5b97-41b6-b66c-924da5d72fba/reviews,sayang deh sama chefnya,5.0,Mie Iblis lv 4 - Udang Keju,Ordered on 20 November 2022,1,Baik,,
1701446020-934,https://gofood.co.id/en/surabaya/restaurant/mie-gacoan-genteng-f49fb30b-5b97-41b6-b66c-924da5d72fba/reviews,enak mantap gogogo,5.0,Mie Setan lv 1 - Mie Iblis lv 0 - Udang Rambutan - Lumpia Udang,Ordered on 11 November 2022,1,Baik,,
1701446020-935,https://gofood.co.id/en/surabaya/restaurant/mie-gacoan-genteng-f49fb30b-5b97-41b6-b66c-924da5d72fba/reviews,ada sayuran lebih ok👍🏻,5.0,Pangsit - Mie Iblis lv 3 - Mie Iblis lv 1,Ordered on 19 November 2022,1,Baik,,
1701446020-936,https://gofood.co.id/en/surabaya/restaurant/mie-gacoan-genteng-f49fb30b-5b97-41b6-b66c-924da5d72fba/reviews,enak pedes banget..mak nyos,5.0,Mie Iblis lv 2 - Mie Setan lv 3,Ordered on 17 November 2022,1,Baik,,
1701446020-937,https://gofood.co.id/en/surabaya/restaurant/mie-gacoan-genteng-f49fb30b-5b97-41b6-b66c-924da5d72fba/reviews,Sehat selalu pak,5.0,Mie Setan lv 4 - Udang Rambutan - Pangsit,Ordered on 16 November 2022,5,Buruk,,
1701446020-938,https://gofood.co.id/en/surabaya/restaurant/mie-gacoan-genteng-f49fb30b-5b97-41b6-b66c-924da5d72fba/reviews,"mantap, slebewwwwwww",5.0,Mie Setan lv 1 - Udang Keju,Ordered on 17 November 2022,1,Baik,,
1701446020-939,https://gofood.co.id/en/surabaya/restaurant/mie-gacoan-genteng-f49fb30b-5b97-41b6-b66c-924da5d72fba/reviews,terimakasih chef,5.0,Mie Iblis lv 8 - Lumpia Udang - Udang Keju - Udang Rambutan,Ordered on 16 November 2022,1,Baik,,
1701446020-940,https://gofood.co.id/en/surabaya/restaurant/mie-gacoan-genteng-f49fb30b-5b97-41b6-b66c-924da5d72fba/reviews,agak tumpah dikit tdi mie nya tp ok lah rasa nya nampol pedes nya👌👌👌👌,5.0,Mie Setan lv 1 - Sundelbolong,Ordered on 15 November 2022,1,Baik,,
1701446020-941,https://gofood.co.id/en/surabaya/restaurant/mie-gacoan-genteng-f49fb30b-5b97-41b6-b66c-924da5d72fba/reviews,enaaaakkkkkkkkkkk,5.0,Lemon Tea - Udang Keju,Ordered on 26 September 2022,1,Baik,,
1701446020-942,https://gofood.co.id/en/surabaya/restaurant/mie-gacoan-genteng-f49fb30b-5b97-41b6-b66c-924da5d72fba/reviews,"tidak sesuai pesanan, pesan sundel bolong sama gundoruwo datangnya mineral water SM lemon tea",1.0,Mie Angel - Sundelbolong - Pangsit - Milo,Ordered on 14 November 2022,0,Buruk,,
1701446020-943,https://gofood.co.id/en/surabaya/restaurant/mie-gacoan-genteng-f49fb30b-5b97-41b6-b66c-924da5d72fba/reviews,Enak banget mienya cuman kayaknya mienya tambah dikit terus yang level 0 agak sedikit pedas mungkin pas ngaduk pakai wadah yg sama,4.0,Mie Iblis lv 0 - Mie Iblis lv 1 - Tuyul - Lumpia Udang,Ordered on 13 November 2022,1,Baik,,
1701446020-944,https://gofood.co.id/en/surabaya/restaurant/mie-gacoan-genteng-f49fb30b-5b97-41b6-b66c-924da5d72fba/reviews,sekalas mie gacoan pakek strefoam gak malu apa ...wkwkwkwk payah bos,1.0,Mie Setan lv 3 - Mie Setan lv 1 - Mie Setan lv 2,Ordered on 12 November 2022,0,Buruk,,
1701446020-945,https://gofood.co.id/en/surabaya/restaurant/mie-gacoan-genteng-f49fb30b-5b97-41b6-b66c-924da5d72fba/reviews,sedeep pedess mantap lah,5.0,Mie Setan lv 1,Ordered on 13 November 2022,1,Baik,,
1701446020-946,https://gofood.co.id/en/surabaya/restaurant/mie-gacoan-genteng-f49fb30b-5b97-41b6-b66c-924da5d72fba/reviews,rasanya biasa aja deh...es nya lumayan...,2.0,Mie Setan lv 3 - Mie Setan lv 2 - Genderuwo,Ordered on 12 November 2022,0,Buruk,,
1701446020-947,https://gofood.co.id/en/surabaya/restaurant/mie-gacoan-genteng-f49fb30b-5b97-41b6-b66c-924da5d72fba/reviews,enak bgt buat langanan nie,5.0,Mie Setan lv 1,Ordered on 31 October 2022,1,Baik,,
1701446020-948,https://gofood.co.id/en/surabaya/restaurant/mie-gacoan-genteng-f49fb30b-5b97-41b6-b66c-924da5d72fba/reviews,agak kecewa soalnya salah satu pesanan sya  buat ank kcil jdi milih level 0 tpi yg di kirim/yg di ksih level 1 smua🥺 jdi kasihan gk jdi makan cuman makan dikit,1.0,Mie Iblis lv 0 - Mie Iblis lv 1 - Udang Rambutan,Ordered on 12 November 2022,0,Buruk,,
1701446020-949,https://gofood.co.id/en/surabaya/restaurant/mie-gacoan-genteng-f49fb30b-5b97-41b6-b66c-924da5d72fba/reviews,"alhamdulillah sudah datang, cepet banget bapaknya.. semangat ya pak semoga ramr terus orderanya",5.0,Orange - Mie Setan lv 4 - Mie Iblis lv 2,Ordered on 12 November 2022,1,Baik,,
1701446020-950,https://gofood.co.id/en/surabaya/restaurant/mie-gacoan-genteng-f49fb30b-5b97-41b6-b66c-924da5d72fba/reviews,"salah ngasi pesanan, fatal sih",2.0,Mie Iblis lv 1 - Udang Keju,Ordered on 12 November 2022,0,Buruk,,
1701446020-951,https://gofood.co.id/en/surabaya/restaurant/mie-gacoan-genteng-f49fb30b-5b97-41b6-b66c-924da5d72fba/reviews,"Es milo tumpah kamana²,baiknya plastik nya terpisah,jgn di satukan dgn makanan(wlpn minumannya sdh di ksih plastik sndri)",2.0,Mie Iblis lv 1 - Udang Keju - Milo - Teh,Ordered on 11 November 2022,0,Buruk,,
1701446020-952,https://gofood.co.id/en/surabaya/restaurant/mie-gacoan-genteng-f49fb30b-5b97-41b6-b66c-924da5d72fba/reviews,mie nya enakk pedes nya nampol buat level 8 . udang rambutan nya enak,5.0,Mie Setan lv 8 - Udang Rambutan,Ordered on 10 November 2022,1,Baik,,
1701446020-953,https://gofood.co.id/en/surabaya/restaurant/mie-gacoan-genteng-f49fb30b-5b97-41b6-b66c-924da5d72fba/reviews,Keren skrng 24 jm,5.0,Mie Setan lv 4 - Lumpia Udang - Teh Tarik,Ordered on 10 November 2022,1,Baik,,
1701446020-954,https://gofood.co.id/en/surabaya/restaurant/mie-gacoan-genteng-f49fb30b-5b97-41b6-b66c-924da5d72fba/reviews,"enak , tp digojek agak mahal ya say",4.0,Mie Iblis lv 2 - Udang Rambutan - Mie Iblis lv 1,Ordered on 9 November 2022,1,Baik,,
1701446020-955,https://gofood.co.id/en/surabaya/restaurant/mie-gacoan-genteng-f49fb30b-5b97-41b6-b66c-924da5d72fba/reviews,ni ai wo wo ai ni mi xue bing cheng tianmi mi,5.0,Mie Setan lv 3 - Udang Keju - Lemon Tea,Ordered on 6 November 2022,5,Buruk,,
1701446020-956,https://gofood.co.id/en/surabaya/restaurant/mie-gacoan-genteng-f49fb30b-5b97-41b6-b66c-924da5d72fba/reviews,ni ai wo wo ai ni mi xue bing cheng tianmi mi,5.0,Mie Iblis lv 4 - Udang Keju,Ordered on 8 November 2022,5,Buruk,,
1701446020-957,https://gofood.co.id/en/surabaya/restaurant/mie-gacoan-genteng-f49fb30b-5b97-41b6-b66c-924da5d72fba/reviews,enak.. terima kasih semoga barokah,5.0,Mie Angel - Mie Iblis lv 2,Ordered on 6 November 2022,1,Baik,,
1701446020-958,https://gofood.co.id/en/surabaya/restaurant/mie-gacoan-genteng-f49fb30b-5b97-41b6-b66c-924da5d72fba/reviews,"level salah tulis level 8 di tulis 1, ibu saya sampai nangis",3.0,Mie Iblis lv 1 - Mie Iblis lv 8,Ordered on 4 November 2022,0,Buruk,,
1701446020-959,https://gofood.co.id/en/surabaya/restaurant/mie-gacoan-genteng-f49fb30b-5b97-41b6-b66c-924da5d72fba/reviews,"Gorengannya Agak asin, Mienya terlalu banyak kecap jadinya manis banget",3.0,Mie Iblis lv 4 - Udang Rambutan - Pangsit,Ordered on 7 November 2022,0,Buruk,,
1701446020-960,https://gofood.co.id/en/surabaya/restaurant/mie-gacoan-genteng-f49fb30b-5b97-41b6-b66c-924da5d72fba/reviews,swn cuyyyyyyyyyyyyyyyyyyyyyyyyyyyy tak panjangin soalnya harus 15 karakter  MAKASIHHHHH yaaaaaaaaa swn cuy mksh,5.0,Mie Setan lv 1,Ordered on 6 November 2022,1,Baik,,
1701446020-961,https://gofood.co.id/en/surabaya/restaurant/mie-gacoan-genteng-f49fb30b-5b97-41b6-b66c-924da5d72fba/reviews,"sayang sekali kalau take away kemasannya pakai foam biasa polosan, akan lebih bagus jika saja kemasan pakai kotak branding sesuai nama resto nya, jd biar terlihat sedikit berkelas, bukan polosan",4.0,Mie Iblis lv 1 - Udang Keju - Genderuwo - Siomay,Ordered on 5 November 2022,0,Buruk,,
1701446020-962,https://gofood.co.id/en/surabaya/restaurant/mie-gacoan-genteng-f49fb30b-5b97-41b6-b66c-924da5d72fba/reviews,sumpitnya gaada,3.0,Mie Iblis lv 4,Ordered on 2 November 2022,0,Buruk,,
1701446020-963,https://gofood.co.id/en/surabaya/restaurant/mie-gacoan-genteng-f49fb30b-5b97-41b6-b66c-924da5d72fba/reviews,pesen lv 1 tapi rasanya kayak lv 3. cabe banyak bgttttt 😭 harusnya ga sbanyak ini biasanya kalau lv 1,2.0,Mie Iblis lv 1 - Udang Keju - Udang Rambutan,Ordered on 4 November 2022,0,Buruk,,
1701446020-964,https://gofood.co.id/en/surabaya/restaurant/mie-gacoan-genteng-f49fb30b-5b97-41b6-b66c-924da5d72fba/reviews,"butuh evaluasi saya pesen lvl 3,2,1 seperti level 5,3,1 ga seperti biasanya.",2.0,Mie Iblis lv 2 - Mie Iblis lv 3 - Mie Iblis lv 1,Ordered on 4 November 2022,0,Buruk,,
1701446020-965,https://gofood.co.id/en/surabaya/restaurant/mie-gacoan-genteng-f49fb30b-5b97-41b6-b66c-924da5d72fba/reviews,terimakasih enak n nikmat lezat,5.0,Mie Iblis lv 1 - Siomay - Udang Rambutan - Udang Keju - Mie Iblis lv 0,Ordered on 3 November 2022,1,Baik,,
1701446020-966,https://gofood.co.id/en/surabaya/restaurant/mie-gacoan-genteng-f49fb30b-5b97-41b6-b66c-924da5d72fba/reviews,pesan nya mie ibl*s pake kecap tapi datangnya mie s*tan,3.0,Mie Setan lv 1 - Udang Rambutan,Ordered on 3 October 2022,0,Buruk,,
1701446020-967,https://gofood.co.id/en/surabaya/restaurant/mie-gacoan-genteng-f49fb30b-5b97-41b6-b66c-924da5d72fba/reviews,rasa dan kualitas makanan sangat mantap dan enak,5.0,Mie Iblis lv 2 - Udang Rambutan - Udang Keju,Ordered on 3 November 2022,1,Baik,,
1701446020-968,https://gofood.co.id/en/surabaya/restaurant/mie-gacoan-genteng-f49fb30b-5b97-41b6-b66c-924da5d72fba/reviews,"pesen mie angel, masih disimpen samblny dikit.. mieny gak matang smpurnal.. dimusmnya ad bekas bekas smbl..",1.0,Mie Angel - Lumpia Udang,Ordered on 1 November 2022,0,Buruk,,
1701446020-969,https://gofood.co.id/en/surabaya/restaurant/mie-gacoan-genteng-f49fb30b-5b97-41b6-b66c-924da5d72fba/reviews,enak banget top markotop,5.0,Mie Iblis lv 2 - Mie Iblis lv 0 - Udang Rambutan - Udang Keju - Mie Setan lv 2 - Mie Iblis lv 1 - Mie Iblis lv 3 - Mie Setan lv 1,Ordered on 2 November 2022,1,Baik,,
1701446020-970,https://gofood.co.id/en/surabaya/restaurant/mie-gacoan-genteng-f49fb30b-5b97-41b6-b66c-924da5d72fba/reviews,enak banget top markotop,5.0,Siomay - Udang Keju - Udang Rambutan,Ordered on 30 October 2022,1,Baik,,
1701446020-971,https://gofood.co.id/en/surabaya/restaurant/mie-gacoan-genteng-f49fb30b-5b97-41b6-b66c-924da5d72fba/reviews,kenapa ya pedes banget? aku pesennya level 2 tapi pedesnya banget.,5.0,Mie Iblis lv 1 - Udang Rambutan,Ordered on 26 October 2022,0,Buruk,,
1701446020-972,https://gofood.co.id/en/surabaya/restaurant/mie-gacoan-genteng-f49fb30b-5b97-41b6-b66c-924da5d72fba/reviews,Rasanya kok beda ya dari mie gacoan yg di cabang lain.G ada rasanya Hambar,3.0,Mie Iblis lv 2 - Lumpia Udang - Udang Keju - Tuyul - Sundelbolong,Ordered on 30 October 2022,0,Buruk,,
1701446020-973,https://gofood.co.id/en/surabaya/restaurant/mie-gacoan-genteng-f49fb30b-5b97-41b6-b66c-924da5d72fba/reviews,yang cab genteng rasanyaa lbh enak... dr duluu 🤩🤩,5.0,Thai Tea Ori - Teh Tarik - Udang Keju - Siomay - Mie Iblis lv 1 - Mie Iblis lv 2,Ordered on 30 October 2022,1,Baik,,
1701446020-974,https://gofood.co.id/en/surabaya/restaurant/mie-gacoan-genteng-f49fb30b-5b97-41b6-b66c-924da5d72fba/reviews,Keasinan rasanya,2.0,Mie Angel,Ordered on 29 October 2022,0,Buruk,,
1701446020-975,https://gofood.co.id/en/surabaya/restaurant/mie-gacoan-genteng-f49fb30b-5b97-41b6-b66c-924da5d72fba/reviews,syuka bapak baik sabar,5.0,Mie Iblis lv 4,Ordered on 30 October 2022,5,Buruk,,
1701446020-976,https://gofood.co.id/en/surabaya/restaurant/mie-gacoan-genteng-f49fb30b-5b97-41b6-b66c-924da5d72fba/reviews,rasanya kurang mantap beda waktu pertama kali buka yg lebih mantap,3.0,Lumpia Udang - Udang Keju - Mie Setan lv 1 - Mie Iblis lv 1 - Mie Angel,Ordered on 29 October 2022,0,Buruk,,
1701446020-977,https://gofood.co.id/en/surabaya/restaurant/mie-gacoan-genteng-f49fb30b-5b97-41b6-b66c-924da5d72fba/reviews,makanan enak gojeknya juga ramah dan cool bet 🥶,5.0,Mie Angel,Ordered on 28 October 2022,1,Baik,,
1701446020-978,https://gofood.co.id/en/surabaya/restaurant/mie-gacoan-genteng-f49fb30b-5b97-41b6-b66c-924da5d72fba/reviews,zeepp... mantaplah,5.0,Mie Setan lv 2,Ordered on 27 October 2022,1,Baik,,
1701446020-979,https://gofood.co.id/en/surabaya/restaurant/mie-gacoan-genteng-f49fb30b-5b97-41b6-b66c-924da5d72fba/reviews,zeepp mantaplh...okey,5.0,Mie Setan lv 1,Ordered on 27 October 2022,1,Baik,,
1701446020-980,https://gofood.co.id/en/surabaya/restaurant/mie-gacoan-genteng-f49fb30b-5b97-41b6-b66c-924da5d72fba/reviews,enak cocok dilidah,5.0,Mie Iblis lv 2 - Mie Iblis lv 1 - Mie Setan lv 2 - Thai Tea Ori - Orange,Ordered on 26 October 2022,1,Baik,,
1701446020-981,https://gofood.co.id/en/surabaya/restaurant/mie-gacoan-genteng-f49fb30b-5b97-41b6-b66c-924da5d72fba/reviews,tapi tidak di kasih alat makannya 🤭🤭,5.0,Mie Iblis lv 1 - Siomay - Udang Rambutan,Ordered on 26 October 2022,0,Buruk,,
1701446020-982,https://gofood.co.id/en/surabaya/restaurant/mie-gacoan-genteng-f49fb30b-5b97-41b6-b66c-924da5d72fba/reviews,Mantepp untuk makanannya dan juga untuk kurir gojek nya,5.0,Mie Angel - Mie Setan lv 1,Ordered on 25 October 2022,1,Baik,,
1701446020-983,https://gofood.co.id/en/surabaya/restaurant/mie-gacoan-genteng-f49fb30b-5b97-41b6-b66c-924da5d72fba/reviews,Rasanya kurang mantep lebih ke hambar,4.0,Mie Iblis lv 4 - Mie Setan lv 3 - Mie Angel,Ordered on 23 October 2022,0,Buruk,,
1701446020-984,https://gofood.co.id/en/surabaya/restaurant/mie-gacoan-genteng-f49fb30b-5b97-41b6-b66c-924da5d72fba/reviews,Ga ngerti ya nih mi gacoan kenapa kadang enak kadang engga ini mi nya ga ada manisnya sama sekali malah kayak asin pedas saos nya encer mie banyak kali minyak nya,1.0,Mie Iblis lv 8 - Udang Keju - Udang Rambutan - Lumpia Udang,Ordered on 24 October 2022,0,Buruk,,
1701446020-985,https://gofood.co.id/en/surabaya/restaurant/mie-gacoan-genteng-f49fb30b-5b97-41b6-b66c-924da5d72fba/reviews,GACOAN GAK PERNAH KECEWA IN KONSUMEN🥰🥰🥰🥰🥰😇😇,5.0,Mie Iblis lv 2,Ordered on 24 October 2022,1,Baik,,
1701446020-986,https://gofood.co.id/en/surabaya/restaurant/mie-gacoan-genteng-f49fb30b-5b97-41b6-b66c-924da5d72fba/reviews,"kulit pangsitnya di mkanan yg iblsi cmn ada 1 aja,.biasanya saya beli ada 2,. dan streovom nya jg gk ada tulisannya mie gacoan,.",1.0,Mie Iblis lv 1 - Udang Rambutan - Udang Keju - Mie Angel,Ordered on 24 October 2022,0,Buruk,,
1701446020-987,https://gofood.co.id/en/surabaya/restaurant/mie-gacoan-genteng-f49fb30b-5b97-41b6-b66c-924da5d72fba/reviews,skrng promonya kq cuma dikit z kak pdhl aq srng order Loch kak,5.0,Mie Iblis lv 1 - Mie Iblis lv 2,Ordered on 23 October 2022,0,Buruk,,
1701446020-988,https://gofood.co.id/en/surabaya/restaurant/mie-gacoan-genteng-f49fb30b-5b97-41b6-b66c-924da5d72fba/reviews,lossss cakkkkkkkkkk,5.0,Mie Setan lv 3 - Siomay - Udang Keju - Lumpia Udang,Ordered on 23 October 2022,5,Buruk,,
1701446020-989,https://gofood.co.id/en/surabaya/restaurant/mie-gacoan-genteng-f49fb30b-5b97-41b6-b66c-924da5d72fba/reviews,Porsinya berkurang tidak seperti biasanya,1.0,Mie Iblis lv 1 - Mie Iblis lv 2 - Siomay - Udang Keju - Lumpia Udang,Ordered on 23 October 2022,0,Buruk,,
1701446020-990,https://gofood.co.id/en/surabaya/restaurant/mie-gacoan-genteng-f49fb30b-5b97-41b6-b66c-924da5d72fba/reviews,"maaf pak tadi kuran 3k, tp saya sudah kasih tip pak...sekali lagi saya minta maaf🙏",5.0,Mie Angel - Mie Iblis lv 1 - Mie Iblis lv 2 - Mie Iblis lv 3,Ordered on 23 October 2022,5,Buruk,,
1701446020-991,https://gofood.co.id/en/surabaya/restaurant/mie-gacoan-genteng-f49fb30b-5b97-41b6-b66c-924da5d72fba/reviews,mantapss GACOAN TAK ADA LAWAN,5.0,Mie Angel - Mie Setan lv 1 - Mie Iblis lv 3,Ordered on 23 October 2022,1,Baik,,
1701446020-992,https://gofood.co.id/en/surabaya/restaurant/mie-gacoan-genteng-f49fb30b-5b97-41b6-b66c-924da5d72fba/reviews,mie nya enak sekali... pengen order lagi dan lagi😂,5.0,Mie Iblis lv 2 - Udang Rambutan - Udang Keju - Lemon Tea,Ordered on 22 October 2022,1,Baik,,
1701446020-993,https://gofood.co.id/en/surabaya/restaurant/mie-gacoan-genteng-f49fb30b-5b97-41b6-b66c-924da5d72fba/reviews,"Pesen ibls dikasih ori. Berminyakk parah, mienya juga lembek bgt beda sama kota lain",2.0,Mie Iblis lv 4,Ordered on 22 October 2022,0,Buruk,,
1701446020-994,https://gofood.co.id/en/surabaya/restaurant/mie-gacoan-genteng-f49fb30b-5b97-41b6-b66c-924da5d72fba/reviews,"enak rasanya, gurih dan nikmat",5.0,Mie Iblis lv 1 - Udang Keju - Mie Iblis lv 3 - Mie Iblis lv 0,Ordered on 22 October 2022,1,Baik,,
1701446020-995,https://gofood.co.id/en/surabaya/restaurant/mie-gacoan-genteng-f49fb30b-5b97-41b6-b66c-924da5d72fba/reviews,eennnakkkkk banget,5.0,Mie Iblis lv 1 - Mie Iblis lv 2 - Mie Iblis lv 4 - Udang Rambutan - Udang Keju,Ordered on 22 October 2022,1,Baik,,
1701446020-996,https://gofood.co.id/en/surabaya/restaurant/mie-gacoan-genteng-f49fb30b-5b97-41b6-b66c-924da5d72fba/reviews,mantaaaaappppp.....,5.0,Mie Setan lv 3 - Siomay - Udang Keju - Tuyul,Ordered on 22 October 2022,1,Baik,,
1701446020-997,https://gofood.co.id/en/surabaya/restaurant/mie-gacoan-genteng-f49fb30b-5b97-41b6-b66c-924da5d72fba/reviews,lumpia udangnya kok banyak otot2nya 🤦‍♀️,2.0,Mie Setan lv 3 - Mie Iblis lv 4 - Lumpia Udang - Mie Setan lv 1,Ordered on 20 October 2022,0,Buruk,,
1701446020-998,https://gofood.co.id/en/surabaya/restaurant/mie-gacoan-genteng-f49fb30b-5b97-41b6-b66c-924da5d72fba/reviews,tetap dengan kwalitas nya hehe.mantap pokoke,5.0,Mie Iblis lv 1 - Mie Iblis lv 2 - Udang Rambutan,Ordered on 21 October 2022,1,Baik,,
1701446020-999,https://gofood.co.id/en/surabaya/restaurant/mie-gacoan-genteng-f49fb30b-5b97-41b6-b66c-924da5d72fba/reviews,Thanks Gacoan masih enak,5.0,Udang Rambutan - Lumpia Udang - Mie Angel,Ordered on 20 October 2022,1,Baik,,
1701446020-1000,https://gofood.co.id/en/surabaya/restaurant/mie-gacoan-genteng-f49fb30b-5b97-41b6-b66c-924da5d72fba/reviews,pedesnya enak bangetttt,5.0,Mie Setan lv 2 - Mie Setan lv 3 - Mie Iblis lv 2 - Mie Iblis lv 3 - Mie Angel,Ordered on 18 October 2022,1,Baik,,
1701446020-1001,https://gofood.co.id/en/surabaya/restaurant/mie-gacoan-genteng-f49fb30b-5b97-41b6-b66c-924da5d72fba/reviews,sayang sama chefnya,5.0,Mie Iblis lv 2 - Udang Keju - Udang Rambutan - Siomay - Lumpia Udang - Mie Iblis lv 1,Ordered on 16 October 2022,5,Buruk,,
1701446020-1002,https://gofood.co.id/en/surabaya/restaurant/mie-gacoan-genteng-f49fb30b-5b97-41b6-b66c-924da5d72fba/reviews,enak trimakasih,5.0,Mie Iblis lv 1 - Udang Keju,Ordered on 16 October 2022,1,Baik,,
1701446020-1003,https://gofood.co.id/en/surabaya/restaurant/mie-gacoan-genteng-f49fb30b-5b97-41b6-b66c-924da5d72fba/reviews,"pesanan salah, tidak sesuai dengan yang dipesan",1.0,Mie Iblis lv 0 - Mie Iblis lv 2 - Udang Keju - Pangsit,Ordered on 16 October 2022,0,Buruk,,
1701446020-1004,https://gofood.co.id/en/surabaya/restaurant/mie-gacoan-genteng-f49fb30b-5b97-41b6-b66c-924da5d72fba/reviews,gak di kasih sumpit,1.0,Mie Setan lv 4 - Genderuwo - Mie Setan lv 1,Ordered on 15 October 2022,0,Buruk,,
1701446020-1005,https://gofood.co.id/en/surabaya/restaurant/mie-gacoan-genteng-f49fb30b-5b97-41b6-b66c-924da5d72fba/reviews,yang bikin rasanya enak karena chefnya masak sambil senyum-senyum,5.0,Mie Iblis lv 1 - Mie Iblis lv 0 - Genderuwo - Mie Iblis lv 2,Ordered on 12 October 2022,1,Baik,,
1701446020-1006,https://gofood.co.id/en/surabaya/restaurant/mie-gacoan-genteng-f49fb30b-5b97-41b6-b66c-924da5d72fba/reviews,"rasa makanannya ga pernah ngecewain, selalu enak banget 🤩🤩🤩",5.0,Mie Angel - Teh,Ordered on 15 October 2022,1,Baik,,
1701446020-1007,https://gofood.co.id/en/surabaya/restaurant/mie-gacoan-genteng-f49fb30b-5b97-41b6-b66c-924da5d72fba/reviews,Menu Tidak Sesuai Pesanan,1.0,Mie Iblis lv 4 - Mie Iblis lv 6 - Udang Rambutan - Udang Keju - Mie Iblis lv 0,Ordered on 15 October 2022,0,Buruk,,
1701446020-1008,https://gofood.co.id/en/surabaya/restaurant/mie-gacoan-genteng-f49fb30b-5b97-41b6-b66c-924da5d72fba/reviews,enaakkk bgetttjjkkkkk,5.0,Mie Iblis lv 3 - Mie Setan lv 8 - Pangsit,Ordered on 14 October 2022,1,Baik,,
1701446020-1009,https://gofood.co.id/en/surabaya/restaurant/mie-gacoan-genteng-f49fb30b-5b97-41b6-b66c-924da5d72fba/reviews,"Lama banget hampir satu jam, beli langsung maupun online ternyata sama sama lama",1.0,Udang Keju - Mie Iblis lv 2 - Mie Iblis lv 4 - Pangsit,Ordered on 13 October 2022,0,Buruk,,
1701446020-1010,https://gofood.co.id/en/surabaya/restaurant/mie-gacoan-genteng-f49fb30b-5b97-41b6-b66c-924da5d72fba/reviews,terima kasih pak,5.0,Mie Iblis lv 0,Ordered on 13 October 2022,1,Baik,,
1701446020-1011,https://gofood.co.id/en/surabaya/restaurant/mie-gacoan-genteng-f49fb30b-5b97-41b6-b66c-924da5d72fba/reviews,"buat koki nya rasanya kayak kurang deh bumbunya gak kayak biasa aku beli, Sam tolong kemasannya diganti dong jgn pakek sterofoam. makasih",4.0,Mie Iblis lv 1 - Siomay - Lumpia Udang,Ordered on 11 October 2022,0,Buruk,,
1701446020-1012,https://gofood.co.id/en/surabaya/restaurant/mie-gacoan-genteng-f49fb30b-5b97-41b6-b66c-924da5d72fba/reviews,mantap...somay nya kerasa banget daging nya,4.0,Mie Setan lv 1 - Siomay,Ordered on 12 October 2022,1,Baik,,
1701446020-1013,https://gofood.co.id/en/surabaya/restaurant/mie-gacoan-genteng-f49fb30b-5b97-41b6-b66c-924da5d72fba/reviews,"pesen level 1 sama level 0 malah dikasih cabe semua, ankku jadi gabisa makan. lain kali teliti pesanan customer",2.0,Mie Iblis lv 0 - Mie Iblis lv 1 - Coklat,Ordered on 11 October 2022,0,Buruk,,
1701446020-1014,https://gofood.co.id/en/surabaya/restaurant/mie-gacoan-genteng-f49fb30b-5b97-41b6-b66c-924da5d72fba/reviews,kak caos nya coba dech jang terlalu manis bisa tambah enak,5.0,Mie Iblis lv 0 - Mie Iblis lv 2 - Lumpia Udang - Genderuwo - Udang Rambutan,Ordered on 11 October 2022,0,Buruk,,
1701446020-1015,https://gofood.co.id/en/surabaya/restaurant/mie-gacoan-genteng-f49fb30b-5b97-41b6-b66c-924da5d72fba/reviews,"lumayanlah, bagus kayaknya tadi waktu pesan gak ada embel² biaya bungkus resto atau biaya² yang berlebihan. siips lah",4.0,Mie Iblis lv 0 - Pangsit - Teh,Ordered on 11 October 2022,1,Baik,,
1701446020-1016,https://gofood.co.id/en/surabaya/restaurant/mie-gacoan-genteng-f49fb30b-5b97-41b6-b66c-924da5d72fba/reviews,kmrin pesanan saya kurang 1,2.0,Mie Angel - Mie Iblis lv 0 - Mie Setan lv 2 - Mie Iblis lv 1 - Mie Iblis lv 2 - Mie Iblis lv 4 - Udang Keju - Udang Rambutan,Ordered on 6 October 2022,0,Buruk,,
1701446020-1017,https://gofood.co.id/en/surabaya/restaurant/mie-gacoan-genteng-f49fb30b-5b97-41b6-b66c-924da5d72fba/reviews,"oke paham kenapa temen-temen suka sama gacoan. Soal dimsum sama udangnya enak banget. Cepet pula. Walau emang kurang sreg sama packagingnya sih, tapi kalau put that aside overall worth lah sama harganya hehehe. Kenyang + murah",5.0,Mie Iblis lv 3 - Udang Rambutan - Udang Keju - Siomay - Lemon Tea,Ordered on 7 October 2022,1,Baik,,
1701446020-1018,https://gofood.co.id/en/surabaya/restaurant/mie-gacoan-genteng-f49fb30b-5b97-41b6-b66c-924da5d72fba/reviews,"pengirimannya cepat , mantap",5.0,Mie Setan lv 1 - Mie Angel,Ordered on 9 October 2022,1,Baik,,
1701446020-1019,https://gofood.co.id/en/surabaya/restaurant/mie-gacoan-genteng-f49fb30b-5b97-41b6-b66c-924da5d72fba/reviews,pedesssnya mantappppppp bangetttty,5.0,Mie Iblis lv 2 - Mie Angel,Ordered on 8 October 2022,1,Baik,,
1701446020-1020,https://gofood.co.id/en/surabaya/restaurant/mie-gacoan-genteng-f49fb30b-5b97-41b6-b66c-924da5d72fba/reviews,usahakan jangan pake sterofoam kemasannya,3.0,Mie Angel - Mie Setan lv 1,Ordered on 5 October 2022,0,Buruk,,
1701446020-1021,https://gofood.co.id/en/surabaya/restaurant/mie-gacoan-genteng-f49fb30b-5b97-41b6-b66c-924da5d72fba/reviews,Uwenakkk pollll,4.0,Tuyul - Udang Keju - Mie Setan lv 6 - Mie Iblis lv 3,Ordered on 5 October 2022,1,Baik,,
1701446020-1022,https://gofood.co.id/en/surabaya/restaurant/mie-gacoan-genteng-f49fb30b-5b97-41b6-b66c-924da5d72fba/reviews,mantab pedesnya,5.0,Mie Iblis lv 2 - Tuyul,Ordered on 3 October 2022,1,Baik,,
1701446020-1023,https://gofood.co.id/en/surabaya/restaurant/mie-gacoan-genteng-f49fb30b-5b97-41b6-b66c-924da5d72fba/reviews,Tolong kemasan atau plastik kalau ga muat jangan dimuat”kan peottt semuaa mikanyaaa. Terimakasih🤏🏻,1.0,Mie Setan lv 1 - Mie Iblis lv 1 - Mie Iblis lv 3 - Genderuwo - Siomay - Udang Rambutan,Ordered on 4 October 2022,0,Buruk,,
1701446020-1024,https://gofood.co.id/en/surabaya/restaurant/mie-gacoan-genteng-f49fb30b-5b97-41b6-b66c-924da5d72fba/reviews,"kalau boleh saran, hari ini mungkin ada beberapa bahan masakan yang tidak segar ya. jd makanannya agak sedikit kecut seperti basi.  mohon kesegaran bahannya ditingkatkan lagi ya. saya kecewa untuk bembelian kali ini karena tidak bisa dimakan, padahal saya order banyak. Terimakasih..",2.0,Mie Setan lv 6,Ordered on 3 October 2022,0,Buruk,,
1701446020-1025,https://gofood.co.id/en/surabaya/restaurant/mie-gacoan-genteng-f49fb30b-5b97-41b6-b66c-924da5d72fba/reviews,sukaaa aajaaa dan langganan 🥰🥰🥰,5.0,Mie Iblis lv 1 - Mie Iblis lv 2 - Udang Keju - Udang Rambutan,Ordered on 19 September 2022,1,Baik,,
1701446020-1026,https://gofood.co.id/en/surabaya/restaurant/mie-gacoan-genteng-f49fb30b-5b97-41b6-b66c-924da5d72fba/reviews,luv sekaliiiiiiii,5.0,Mie Setan lv 6 - Pocong - Mie Iblis lv 3,Ordered on 2 October 2022,1,Baik,,
1701446020-1027,https://gofood.co.id/en/surabaya/restaurant/mie-gacoan-genteng-f49fb30b-5b97-41b6-b66c-924da5d72fba/reviews,mie nya kurang matang masaknya so next di perhatikan lagi karna kepuasan konsumen kepuasan anda juga,2.0,Mie Iblis lv 3 - Siomay - Udang Rambutan,Ordered on 1 October 2022,0,Buruk,,
1701446020-1028,https://gofood.co.id/en/surabaya/restaurant/mie-gacoan-genteng-f49fb30b-5b97-41b6-b66c-924da5d72fba/reviews,makasih kemasan nya rapi,5.0,Mie Iblis lv 3 - Udang Keju,Ordered on 1 October 2022,1,Baik,,
1701446020-1029,https://gofood.co.id/en/surabaya/restaurant/mie-gacoan-genteng-f49fb30b-5b97-41b6-b66c-924da5d72fba/reviews,mantep chef rasa makanan nya enak good,5.0,Mie Iblis lv 2 - Udang Rambutan - Mie Iblis lv 1 - Udang Keju,Ordered on 4 August 2022,1,Baik,,
1701446020-1030,https://gofood.co.id/en/surabaya/restaurant/mie-gacoan-genteng-f49fb30b-5b97-41b6-b66c-924da5d72fba/reviews,terima kasih ❤️,5.0,Mie Iblis lv 0 - Mie Iblis lv 1 - Siomay - Udang Keju,Ordered on 1 October 2022,1,Baik,,
1701446020-1031,https://gofood.co.id/en/surabaya/restaurant/mie-gacoan-genteng-f49fb30b-5b97-41b6-b66c-924da5d72fba/reviews,"sumpitnya ketinggalan(ini opsional sifatnya), truss mienya kurang mateng, buru"" boleh.. tapi tolong sesuaikan standard SOP saja, outlet satu dengan yang lain masa beda rasa!!!!",3.0,Mie Iblis lv 2 - Siomay - Pangsit - Ceker - Tuyul,Ordered on 30 September 2022,0,Buruk,,
1701446020-1032,https://gofood.co.id/en/surabaya/restaurant/mie-gacoan-genteng-f49fb30b-5b97-41b6-b66c-924da5d72fba/reviews,terimakasih pak 🙏,5.0,Mie Iblis lv 1 - Udang Rambutan,Ordered on 28 September 2022,1,Baik,,
1701446020-1033,https://gofood.co.id/en/surabaya/restaurant/mie-gacoan-genteng-f49fb30b-5b97-41b6-b66c-924da5d72fba/reviews,semangat boloo okeokeokeokeokoke,5.0,Mie Iblis lv 1 - Udang Rambutan - Udang Keju,Ordered on 27 September 2022,5,Buruk,,
1701446020-1034,https://gofood.co.id/en/surabaya/restaurant/mie-gacoan-genteng-f49fb30b-5b97-41b6-b66c-924da5d72fba/reviews,Sambelnya ga diaduk,1.0,Mie Setan lv 2 - Mie Setan lv 3,Ordered on 27 September 2022,0,Buruk,,
1701446020-1035,https://gofood.co.id/en/surabaya/restaurant/mie-gacoan-genteng-f49fb30b-5b97-41b6-b66c-924da5d72fba/reviews,porsinya agak banyakin lagi,5.0,Mie Angel,Ordered on 25 September 2022,0,Buruk,,
1701446020-1036,https://gofood.co.id/en/surabaya/restaurant/mie-gacoan-genteng-f49fb30b-5b97-41b6-b66c-924da5d72fba/reviews,enaaakkkkkkkkkk,5.0,Orange - Mie Iblis lv 1 - Lemon Tea - Udang Keju,Ordered on 24 September 2022,1,Baik,,
1701446020-1037,https://gofood.co.id/en/surabaya/restaurant/mie-gacoan-genteng-f49fb30b-5b97-41b6-b66c-924da5d72fba/reviews,"kalau di gacoan genteng pedesnya kurang, di gacoan Margorejo level satu udah pedes enak di genteng level dua masih antep hiks",4.0,Mie Setan lv 2 - Mie Setan lv 1 - Udang Keju,Ordered on 26 September 2022,0,Buruk,,
1701446020-1038,https://gofood.co.id/en/surabaya/restaurant/mie-gacoan-genteng-f49fb30b-5b97-41b6-b66c-924da5d72fba/reviews,"minyak nya terlalu banyak bangettt, dan gak enak sama sekali 🥺",1.0,Mie Iblis lv 2,Ordered on 26 September 2022,0,Buruk,,
1701446020-1039,https://gofood.co.id/en/surabaya/restaurant/mie-gacoan-genteng-f49fb30b-5b97-41b6-b66c-924da5d72fba/reviews,terima kasih 😊🙏🏻,5.0,Mie Iblis lv 3 - Mie Setan lv 1 - Mie Angel - Mie Setan lv 4 - Siomay - Udang Rambutan,Ordered on 25 September 2022,1,Baik,,
1701446020-1040,https://gofood.co.id/en/surabaya/restaurant/mie-gacoan-genteng-f49fb30b-5b97-41b6-b66c-924da5d72fba/reviews,gak pernah gagal klo soal rasa🥰,5.0,Mie Iblis lv 1 - Mie Iblis lv 0,Ordered on 25 September 2022,1,Baik,,
1701446020-1041,https://gofood.co.id/en/surabaya/restaurant/mie-gacoan-genteng-f49fb30b-5b97-41b6-b66c-924da5d72fba/reviews,enak bagetz next order lagi,5.0,Mie Iblis lv 1 - Mie Iblis lv 0,Ordered on 24 September 2022,1,Baik,,
1701446020-1042,https://gofood.co.id/en/surabaya/restaurant/mie-gacoan-genteng-f49fb30b-5b97-41b6-b66c-924da5d72fba/reviews,mie g ada rasa pedes doang.,3.0,Mie Iblis lv 1 - Mie Iblis lv 2 - Udang Rambutan - Udang Keju,Ordered on 25 September 2022,0,Buruk,,
1701446020-1043,https://gofood.co.id/en/surabaya/restaurant/mie-gacoan-genteng-f49fb30b-5b97-41b6-b66c-924da5d72fba/reviews,cukup oke lahh trims ya kak,5.0,Mie Angel - Mie Iblis lv 4 - Mie Iblis lv 0,Ordered on 24 September 2022,1,Baik,,
1701446020-1044,https://gofood.co.id/en/surabaya/restaurant/mie-gacoan-genteng-f49fb30b-5b97-41b6-b66c-924da5d72fba/reviews,"rasanya berubah, udang kejunya ga seenak dulu, ada yg lupa diisi keju juga",3.0,Udang Keju,Ordered on 24 September 2022,0,Buruk,,
1701446020-1045,https://gofood.co.id/en/surabaya/restaurant/mie-gacoan-genteng-f49fb30b-5b97-41b6-b66c-924da5d72fba/reviews,yo sayang to piye to to,5.0,Mie Setan lv 2 - Thai Green Tea,Ordered on 22 September 2022,5,Buruk,,
1701446020-1046,https://gofood.co.id/en/surabaya/restaurant/mie-gacoan-genteng-f49fb30b-5b97-41b6-b66c-924da5d72fba/reviews,bapaknya baik banget,5.0,Mie Iblis lv 8 - Mie Iblis lv 2 - Mie Iblis lv 0 - Udang Keju,Ordered on 23 September 2022,1,Baik,,
1701446020-1047,https://gofood.co.id/en/surabaya/restaurant/mie-gacoan-genteng-f49fb30b-5b97-41b6-b66c-924da5d72fba/reviews,pangsitnya the best!!!,5.0,Mie Angel - Mie Iblis lv 2 - Mie Iblis lv 3 - Pangsit - Udang Keju - Siomay,Ordered on 22 September 2022,1,Baik,,
1701446020-1048,https://gofood.co.id/en/surabaya/restaurant/mie-gacoan-genteng-f49fb30b-5b97-41b6-b66c-924da5d72fba/reviews,wah murah banget,5.0,Mie Setan lv 2 - Thai Green Tea,Ordered on 20 September 2022,1,Baik,,
1701446020-1049,https://gofood.co.id/en/surabaya/restaurant/mie-gacoan-genteng-f49fb30b-5b97-41b6-b66c-924da5d72fba/reviews,"maaf ya tidak sesuai instruksi, saya minta tanpa alas kertas minyak di sterofoam tp ttp dikasih. jgn menyepelekan hal kecil.",3.0,Mie Iblis lv 1 - Udang Keju,Ordered on 17 September 2022,0,Buruk,,
1701446020-1050,https://gofood.co.id/en/surabaya/restaurant/mie-gacoan-genteng-f49fb30b-5b97-41b6-b66c-924da5d72fba/reviews,mohon maaf ini sepertinya punya saya salah ngasih cabe saya pesen level 4 tpi gak ada rasanya seperti biasanya lain kali lebih teliti yaa tpi tetep saya kasih bintang 5 kok tenang,4.0,Mie Iblis lv 4 - Pangsit - Udang Rambutan,Ordered on 19 September 2022,0,Buruk,,
1701446020-1051,https://gofood.co.id/en/surabaya/restaurant/mie-gacoan-genteng-f49fb30b-5b97-41b6-b66c-924da5d72fba/reviews,alat makannya hanya 1 padahal pesan 5,5.0,Mie Setan lv 1 - Siomay - Udang Rambutan - Udang Keju,Ordered on 18 September 2022,0,Buruk,,
1701446020-1052,https://gofood.co.id/en/surabaya/restaurant/mie-gacoan-genteng-f49fb30b-5b97-41b6-b66c-924da5d72fba/reviews,terlalu nyaman makasih,5.0,Mie Setan lv 1 - Mie Iblis lv 0 - Mie Iblis lv 6 - Mie Iblis lv 3 - Udang Rambutan,Ordered on 28 July 2022,1,Baik,,
1701446020-1053,https://gofood.co.id/en/surabaya/restaurant/mie-gacoan-genteng-f49fb30b-5b97-41b6-b66c-924da5d72fba/reviews,keren... fast respons!,5.0,Mie Angel - Sundelbolong,Ordered on 17 September 2022,1,Baik,,
1701446020-1054,https://gofood.co.id/en/surabaya/restaurant/mie-gacoan-genteng-f49fb30b-5b97-41b6-b66c-924da5d72fba/reviews,enakkakkakakkkk,5.0,Mie Iblis lv 2 - Mie Iblis lv 1 - Udang Keju - Pangsit - Genderuwo - Lemon Tea,Ordered on 30 August 2022,1,Baik,,
1701446020-1055,https://gofood.co.id/en/surabaya/restaurant/mie-gacoan-genteng-f49fb30b-5b97-41b6-b66c-924da5d72fba/reviews,semoga makin sukses perbanyak sausnya yaa kak wkwk,5.0,Mie Iblis lv 4 - Siomay - Udang Keju - Udang Rambutan,Ordered on 14 September 2022,1,Baik,,
1701446020-1056,https://gofood.co.id/en/surabaya/restaurant/mie-gacoan-genteng-f49fb30b-5b97-41b6-b66c-924da5d72fba/reviews,trmksih maskann nya enak,5.0,Mie Setan lv 6,Ordered on 9 September 2022,1,Baik,,
1701446020-1057,https://gofood.co.id/en/surabaya/restaurant/mie-gacoan-genteng-f49fb30b-5b97-41b6-b66c-924da5d72fba/reviews,"mantaaap, pas bgt makan bareng temen",5.0,Mie Iblis lv 1 - Mie Iblis lv 0 - Mie Angel - Mie Setan lv 2,Ordered on 14 September 2022,1,Baik,,
1701446020-1058,https://gofood.co.id/en/surabaya/restaurant/mie-gacoan-genteng-f49fb30b-5b97-41b6-b66c-924da5d72fba/reviews,ok pelayanan yang terbaik,5.0,Mie Iblis lv 8,Ordered on 13 September 2022,1,Baik,,
1701446020-1059,https://gofood.co.id/en/surabaya/restaurant/mie-gacoan-genteng-f49fb30b-5b97-41b6-b66c-924da5d72fba/reviews,cukup mantap sih,3.0,Mie Iblis lv 1 - Pangsit - Siomay - Tuyul,Ordered on 11 September 2022,1,Baik,,
1701446020-1060,https://gofood.co.id/en/surabaya/restaurant/mie-gacoan-genteng-f49fb30b-5b97-41b6-b66c-924da5d72fba/reviews,Pedesnya nampol,5.0,Mie Iblis lv 4 - Udang Rambutan - Siomay - Teh - Mie Setan lv 6,Ordered on 12 September 2022,1,Baik,,
1701446020-1061,https://gofood.co.id/en/surabaya/restaurant/mie-gacoan-genteng-f49fb30b-5b97-41b6-b66c-924da5d72fba/reviews,Makin lama rasanya makin gak enak,1.0,Udang Rambutan - Mie Iblis lv 3,Ordered on 7 September 2022,0,Buruk,,
1701446020-1062,https://gofood.co.id/en/surabaya/restaurant/mie-gacoan-genteng-f49fb30b-5b97-41b6-b66c-924da5d72fba/reviews,saya memesan udang rambutan tapi yang datang udang keju,3.0,Mie Setan lv 3 - Udang Rambutan - Mie Setan lv 1,Ordered on 11 September 2022,0,Buruk,,
1701446020-1063,https://gofood.co.id/en/surabaya/restaurant/mie-gacoan-genteng-f49fb30b-5b97-41b6-b66c-924da5d72fba/reviews,Saya pesan mie angel buat anak kecil malah dikasih mie set*n lvl. 3 akibatnya anak saya gak mau makan padahal anaknya lagi ke,1.0,Mie Angel - Mie Iblis lv 1 - Udang Rambutan - Siomay - Udang Keju - Genderuwo,Ordered on 11 September 2022,0,Buruk,,
1701446020-1064,https://gofood.co.id/en/surabaya/restaurant/mie-gacoan-genteng-f49fb30b-5b97-41b6-b66c-924da5d72fba/reviews,Rasa nya mantap,5.0,Mie Iblis lv 0 - Mie Iblis lv 1,Ordered on 10 September 2022,1,Baik,,
1701446020-1065,https://gofood.co.id/en/surabaya/restaurant/mie-gacoan-genteng-f49fb30b-5b97-41b6-b66c-924da5d72fba/reviews,porsinya kaya berubah ya kak . untuk ukuran pangsit ayam nya juga,3.0,Mie Setan lv 3 - Mie Iblis lv 1 - Mie Setan lv 4 - Udang Rambutan - Mie Iblis lv 2,Ordered on 10 September 2022,0,Buruk,,
1701446020-1066,https://gofood.co.id/en/surabaya/restaurant/mie-gacoan-genteng-f49fb30b-5b97-41b6-b66c-924da5d72fba/reviews,"enak, murah, cepet juga. terima kasih ..",5.0,Mie Iblis lv 0 - Pangsit - Mie Angel,Ordered on 10 September 2022,1,Baik,,
1701446020-1067,https://gofood.co.id/en/surabaya/restaurant/mie-gacoan-genteng-f49fb30b-5b97-41b6-b66c-924da5d72fba/reviews,baikkkkkkkkkkkkkkkkk,5.0,Mie Setan lv 6 - Mie Iblis lv 6,Ordered on 10 September 2022,1,Baik,,
1701446020-1068,https://gofood.co.id/en/surabaya/restaurant/mie-gacoan-genteng-f49fb30b-5b97-41b6-b66c-924da5d72fba/reviews,sangat enak,5.0,Mie Setan lv 6 - Mie Iblis lv 6 - Mie Iblis lv 1,Ordered on 6 September 2022,1,Baik,,
1701446020-1069,https://gofood.co.id/en/surabaya/restaurant/mie-gacoan-genteng-f49fb30b-5b97-41b6-b66c-924da5d72fba/reviews,mantulll karena pedasnya langsung pleng,5.0,Mie Iblis lv 4 - Genderuwo,Ordered on 7 September 2022,1,Baik,,
1701446020-1070,https://gofood.co.id/en/surabaya/restaurant/mie-gacoan-genteng-f49fb30b-5b97-41b6-b66c-924da5d72fba/reviews,"rasa nya kurang KELUAR. , padhal sudah langganan .... semoga tambah sukses",3.0,Udang Keju - Udang Rambutan,Ordered on 9 September 2022,0,Buruk,,
1701446020-1071,https://gofood.co.id/en/surabaya/restaurant/mie-gacoan-genteng-f49fb30b-5b97-41b6-b66c-924da5d72fba/reviews,mienya asin banget;(,4.0,Pangsit - Udang Keju - Udang Rambutan - Mie Iblis lv 1,Ordered on 9 September 2022,0,Buruk,,
1701446020-1072,https://gofood.co.id/en/surabaya/restaurant/mie-gacoan-genteng-f49fb30b-5b97-41b6-b66c-924da5d72fba/reviews,"DI LUAR NALAR COY GA D KASIH SUMPIT , MANTAP PENGALAMAN BARU MAKAN MIE GAPAKE ALAT MAKAN",3.0,Mie Iblis lv 3 - Udang Keju - Orange,Ordered on 8 September 2022,0,Buruk,,
1701446020-1073,https://gofood.co.id/en/surabaya/restaurant/mie-gacoan-genteng-f49fb30b-5b97-41b6-b66c-924da5d72fba/reviews,kog kemasannya pake sterofoam😩,2.0,Udang Keju - Mie Angel - Mie Setan lv 1,Ordered on 7 September 2022,0,Buruk,,
1701446020-1074,https://gofood.co.id/en/surabaya/restaurant/mie-gacoan-genteng-f49fb30b-5b97-41b6-b66c-924da5d72fba/reviews,kualitasnya bagus,5.0,Mie Iblis lv 0 - Mie Iblis lv 2 - Mie Iblis lv 3,Ordered on 7 September 2022,1,Baik,,
1701446020-1075,https://gofood.co.id/en/surabaya/restaurant/mie-gacoan-genteng-f49fb30b-5b97-41b6-b66c-924da5d72fba/reviews,"dimsum nya kurang matang dan garing  semoga ini jadi masukan yang lebih baik lagi kedepan nya yaa min,  tapi aku suka mienya enak.",4.0,Mie Iblis lv 4 - Udang Rambutan,Ordered on 12 July 2022,0,Buruk,,
1701446020-1076,https://gofood.co.id/en/surabaya/restaurant/mie-gacoan-genteng-f49fb30b-5b97-41b6-b66c-924da5d72fba/reviews,"maturnuwun banyak ya mas, atas bantuannya",5.0,Mie Angel,Ordered on 10 July 2022,5,Buruk,,
1701446020-1077,https://gofood.co.id/en/surabaya/restaurant/mie-gacoan-genteng-f49fb30b-5b97-41b6-b66c-924da5d72fba/reviews,langganan Trusss,5.0,Mie Iblis lv 0 - Mie Iblis lv 1 - Mie Iblis lv 4 - Udang Keju,Ordered on 5 September 2022,1,Baik,,
1701446020-1078,https://gofood.co.id/en/surabaya/restaurant/mie-gacoan-genteng-f49fb30b-5b97-41b6-b66c-924da5d72fba/reviews,Mienya kematengan,4.0,Udang Keju - Mie Iblis lv 1 - Mie Angel - Teh,Ordered on 5 September 2022,0,Buruk,,
1701446020-1079,https://gofood.co.id/en/surabaya/restaurant/mie-gacoan-genteng-f49fb30b-5b97-41b6-b66c-924da5d72fba/reviews,"daging uda ga juicy, rasanya ga seenak yg di malang, udang kejunya kopong WKWKWKWK keju ga kerasa",3.0,Udang Keju - Udang Rambutan - Mie Iblis lv 2,Ordered on 5 September 2022,0,Buruk,,
1701446020-1080,https://gofood.co.id/en/surabaya/restaurant/mie-gacoan-genteng-f49fb30b-5b97-41b6-b66c-924da5d72fba/reviews,wowwwurah nanget,5.0,Pangsit,Ordered on 4 September 2022,1,Baik,,
1701446020-1081,https://gofood.co.id/en/surabaya/restaurant/mie-gacoan-genteng-f49fb30b-5b97-41b6-b66c-924da5d72fba/reviews,enak banget bumbunya juga terasa pedesnya pas,5.0,Mie Iblis lv 2 - Orange - Udang Rambutan,Ordered on 3 August 2022,1,Baik,,
1701446020-1082,https://gofood.co.id/en/surabaya/restaurant/mie-gacoan-genteng-f49fb30b-5b97-41b6-b66c-924da5d72fba/reviews,pollll ♥️♥️🥰♥️🥰🥰🥰🥰🥰🥰🥰🥰🥰🥰♥️🥰♥️🥰🥰,5.0,Udang Keju - Mie Angel - Udang Rambutan - Mie Iblis lv 2,Ordered on 28 August 2022,1,Baik,,
1701446020-1083,https://gofood.co.id/en/surabaya/restaurant/mie-gacoan-genteng-f49fb30b-5b97-41b6-b66c-924da5d72fba/reviews,recomended banget,5.0,Mie Setan lv 8 - Siomay - Pangsit,Ordered on 1 September 2022,1,Baik,,
1701446020-1084,https://gofood.co.id/en/surabaya/restaurant/mie-gacoan-genteng-f49fb30b-5b97-41b6-b66c-924da5d72fba/reviews,Enak weeiiiiii udang kejunya gede2 sukakkkkkkk,5.0,Mie Angel - Mie Iblis lv 3 - Mie Iblis lv 1 - Siomay - Udang Rambutan - Udang Keju,Ordered on 4 September 2022,1,Baik,,
1701446020-1085,https://gofood.co.id/en/surabaya/restaurant/mie-gacoan-genteng-f49fb30b-5b97-41b6-b66c-924da5d72fba/reviews,"rasa mie nya kayak ga ada rasa nya, cuman kerasa PEDAS saja , kemudian potongan ayam nya hampir tidak ada ,untuk rambutan , dan udang keju rasanya MANTAPPPPPPPPPPPPPP ................",1.0,Mie Setan lv 3 - Udang Rambutan - Udang Keju,Ordered on 3 September 2022,0,Buruk,,
1701446020-1086,https://gofood.co.id/en/surabaya/restaurant/mie-gacoan-genteng-f49fb30b-5b97-41b6-b66c-924da5d72fba/reviews,level nya yang satu salah,4.0,Mie Setan lv 2 - Pangsit - Mie Setan lv 1,Ordered on 3 September 2022,0,Buruk,,
1701446020-1087,https://gofood.co.id/en/surabaya/restaurant/mie-gacoan-genteng-f49fb30b-5b97-41b6-b66c-924da5d72fba/reviews,minya datengnya dingin. kenapa makin kesini kualitas gacoan makin berkurang,3.0,Mie Iblis lv 2 - Siomay - Udang Rambutan,Ordered on 4 September 2022,0,Buruk,,
1701446020-1088,https://gofood.co.id/en/surabaya/restaurant/mie-gacoan-genteng-f49fb30b-5b97-41b6-b66c-924da5d72fba/reviews,"rasanya kurang gak kyk biasa nya . bumbu""nya kurang kerasa jadi anyepp",3.0,Mie Iblis lv 2 - Mie Iblis lv 1 - Mie Angel,Ordered on 4 September 2022,0,Buruk,,
1701446020-1089,https://gofood.co.id/en/surabaya/restaurant/mie-gacoan-genteng-f49fb30b-5b97-41b6-b66c-924da5d72fba/reviews,tolong dong kemasan lebih UPGRADE,4.0,Udang Keju - Udang Rambutan - Siomay - Mie Iblis lv 6,Ordered on 3 September 2022,0,Buruk,,
1701446020-1090,https://gofood.co.id/en/surabaya/restaurant/mie-gacoan-genteng-f49fb30b-5b97-41b6-b66c-924da5d72fba/reviews,makananya lumayan enak....sayang pihak resto sering salah ngasih level makanan jd anak saya kepedasan....mohon pihak resto sering chek lagi biar gk salah level,5.0,Mie Iblis lv 0 - Mie Iblis lv 1 - Mie Iblis lv 3 - Mie Iblis lv 4 - Udang Keju,Ordered on 3 September 2022,1,Baik,,
1701446020-1091,https://gofood.co.id/en/surabaya/restaurant/mie-gacoan-genteng-f49fb30b-5b97-41b6-b66c-924da5d72fba/reviews,mantap deh buat rasanya,5.0,Mie Iblis lv 2 - Udang Rambutan - Mie Iblis lv 1 - Mie Iblis lv 4 - Udang Keju - Mie Iblis lv 6 - Mie Setan lv 8 - Siomay,Ordered on 2 September 2022,1,Baik,,
1701446020-1092,https://gofood.co.id/en/surabaya/restaurant/mie-gacoan-genteng-f49fb30b-5b97-41b6-b66c-924da5d72fba/reviews,mantul😍😍😍😍😍😍😍😍😍😍😍😍,5.0,Mie Iblis lv 4 - Mie Iblis lv 6 - Siomay - Udang Keju,Ordered on 2 September 2022,1,Baik,,
1701446020-1093,https://gofood.co.id/en/surabaya/restaurant/mie-gacoan-genteng-f49fb30b-5b97-41b6-b66c-924da5d72fba/reviews,"narohnya ketuker barusan kak, level 3 di taruh di level 1",5.0,Mie Iblis lv 1 - Mie Setan lv 2 - Mie Iblis lv 3 - Udang Keju,Ordered on 2 September 2022,0,Buruk,,
1701446020-1094,https://gofood.co.id/en/surabaya/restaurant/mie-gacoan-genteng-f49fb30b-5b97-41b6-b66c-924da5d72fba/reviews,SELALU ENAKKK SUKAKK,5.0,Mie Iblis lv 1 - Mie Iblis lv 0 - Mie Angel,Ordered on 5 August 2022,1,Baik,,
1701446020-1095,https://gofood.co.id/en/surabaya/restaurant/mie-gacoan-genteng-f49fb30b-5b97-41b6-b66c-924da5d72fba/reviews,TERIMA KASIH😍🙏🏻,5.0,Mie Iblis lv 2 - Udang Keju - Mie Setan lv 2,Ordered on 29 August 2022,1,Baik,,
1701446020-1096,https://gofood.co.id/en/surabaya/restaurant/mie-gacoan-genteng-f49fb30b-5b97-41b6-b66c-924da5d72fba/reviews,"kwalitas rasa menurun gak kyk biasanya,mie nya gumpal siomay bau",1.0,Mie Setan lv 4 - Siomay - Thai Green Tea,Ordered on 27 August 2022,0,Buruk,,
1701446020-1097,https://gofood.co.id/en/surabaya/restaurant/mie-gacoan-genteng-f49fb30b-5b97-41b6-b66c-924da5d72fba/reviews,enak banget gilaa,5.0,Udang Keju - Mie Iblis lv 8,Ordered on 30 August 2022,1,Baik,,
1701446020-1098,https://gofood.co.id/en/surabaya/restaurant/mie-gacoan-genteng-f49fb30b-5b97-41b6-b66c-924da5d72fba/reviews,"ga dikasih sumpit hehe, lain kali diperiksa dulu yaa 😉",3.0,Udang Keju - Mie Setan lv 1 - Mie Setan lv 3 - Mie Iblis lv 0 - Mie Iblis lv 3,Ordered on 29 August 2022,0,Buruk,,
1701446020-1099,https://gofood.co.id/en/surabaya/restaurant/mie-gacoan-genteng-f49fb30b-5b97-41b6-b66c-924da5d72fba/reviews,"lebih diperhatikan lagi penulisan levelnya, antara level 1 sama 4 ketuker",3.0,Mie Iblis lv 1 - Mie Iblis lv 4 - Mie Iblis lv 0 - Mie Iblis lv 2,Ordered on 29 August 2022,0,Buruk,,
1701446020-1100,https://gofood.co.id/en/surabaya/restaurant/mie-gacoan-genteng-f49fb30b-5b97-41b6-b66c-924da5d72fba/reviews,"tapi koq ga ada kecapnya, biasa ada",5.0,Mie Setan lv 3 - Pangsit,Ordered on 28 August 2022,0,Buruk,,
1701446020-1101,https://gofood.co.id/en/surabaya/restaurant/mie-gacoan-genteng-f49fb30b-5b97-41b6-b66c-924da5d72fba/reviews,enak nice. mie nya pedes manis esnya nyegerin rambutannya nbikin nagih,5.0,Mie Iblis lv 4 - Udang Rambutan - Sundelbolong,Ordered on 28 August 2022,1,Baik,,
1701446020-1102,https://gofood.co.id/en/surabaya/restaurant/mie-gacoan-genteng-f49fb30b-5b97-41b6-b66c-924da5d72fba/reviews,rasa nya masih tetap juara dan pedasnya pun juara 👍👍 gacoaan gk pernah mengecewakan soal rasa  dan kepedasan nya,5.0,Mie Iblis lv 1 - Mie Iblis lv 2 - Mie Iblis lv 3 - Mie Iblis lv 4 - Siomay - Udang Rambutan - Mie Iblis lv 0,Ordered on 28 August 2022,1,Baik,,
1701446020-1103,https://gofood.co.id/en/surabaya/restaurant/mie-gacoan-genteng-f49fb30b-5b97-41b6-b66c-924da5d72fba/reviews,Mantap Cepat Pengirimannya,5.0,Mie Setan lv 3,Ordered on 28 August 2022,1,Baik,,
1701446020-1104,https://gofood.co.id/en/surabaya/restaurant/mie-gacoan-genteng-f49fb30b-5b97-41b6-b66c-924da5d72fba/reviews,"bulshit, penjualnya ga niat ngelayanin pembeli. padahal PEMBELI ADALAH RAJA",1.0,Mie Setan lv 8 - Siomay,Ordered on 27 August 2022,0,Buruk,,
1701446020-1105,https://gofood.co.id/en/surabaya/restaurant/mie-gacoan-genteng-f49fb30b-5b97-41b6-b66c-924da5d72fba/reviews,LV 2 pedesnya kepedesan trs kurang kecap,4.0,Mie Iblis lv 2,Ordered on 27 August 2022,0,Buruk,,
1701446020-1106,https://gofood.co.id/en/surabaya/restaurant/mie-gacoan-genteng-f49fb30b-5b97-41b6-b66c-924da5d72fba/reviews,wow murah banget 👍,5.0,Mie Setan lv 2,Ordered on 27 August 2022,1,Baik,,
1701446020-1107,https://gofood.co.id/en/surabaya/restaurant/mie-gacoan-genteng-f49fb30b-5b97-41b6-b66c-924da5d72fba/reviews,enak bgt looooohhhhhhhhhh,5.0,Mie Iblis lv 2 - Udang Keju - Lemon Tea,Ordered on 25 August 2022,1,Baik,,
1701446020-1108,https://gofood.co.id/en/surabaya/restaurant/mie-gacoan-genteng-f49fb30b-5b97-41b6-b66c-924da5d72fba/reviews,lebih suka kober,2.0,Udang Keju - Mie Setan lv 8 - Mie Iblis lv 0 - Udang Rambutan,Ordered on 26 August 2022,0,Buruk,,
1701446020-1109,https://gofood.co.id/en/surabaya/restaurant/mie-gacoan-genteng-f49fb30b-5b97-41b6-b66c-924da5d72fba/reviews,"Endeuss, siiiiippppp",5.0,Mie Angel,Ordered on 25 August 2022,1,Baik,,
1701446020-1110,https://gofood.co.id/en/surabaya/restaurant/mie-gacoan-genteng-f49fb30b-5b97-41b6-b66c-924da5d72fba/reviews,pertahankan rsa nya,5.0,Mie Iblis lv 2,Ordered on 25 August 2022,1,Baik,,
1701446020-1111,https://gofood.co.id/en/surabaya/restaurant/mie-gacoan-genteng-f49fb30b-5b97-41b6-b66c-924da5d72fba/reviews,wownnnnnnnnnnjjjjj,5.0,Mie Setan lv 2,Ordered on 25 August 2022,5,Buruk,,
1701446020-1112,https://gofood.co.id/en/surabaya/restaurant/mie-gacoan-genteng-f49fb30b-5b97-41b6-b66c-924da5d72fba/reviews,"Udang keju nya gosong, sumpit cuma dikasih 1 biji",3.0,Udang Rambutan - Udang Keju - Mie Setan lv 6,Ordered on 25 August 2022,0,Buruk,,
1701446020-1113,https://gofood.co.id/en/surabaya/restaurant/mie-gacoan-genteng-f49fb30b-5b97-41b6-b66c-924da5d72fba/reviews,"Mohon maaf kak, pesanan yang saya pesan dengan yang diantar berbeda",1.0,Mie Angel - Udang Keju,Ordered on 24 August 2022,0,Buruk,,
1701446020-1114,https://gofood.co.id/en/surabaya/restaurant/mie-gacoan-genteng-f49fb30b-5b97-41b6-b66c-924da5d72fba/reviews,baru pertama nyobak level 2 🥵🥵,5.0,Mie Setan lv 2 - Mie Iblis lv 2 - Siomay,Ordered on 24 August 2022,1,Baik,,
1701446020-1115,https://gofood.co.id/en/surabaya/restaurant/mie-gacoan-genteng-f49fb30b-5b97-41b6-b66c-924da5d72fba/reviews,"mie nya enak, yg ga enak hidupku:')",5.0,Mie Iblis lv 8 - Mie Iblis lv 6,Ordered on 21 August 2022,1,Baik,,
1701446020-1116,https://gofood.co.id/en/surabaya/restaurant/mie-gacoan-genteng-f49fb30b-5b97-41b6-b66c-924da5d72fba/reviews,mi nya agak keras,3.0,Mie Iblis lv 4 - Udang Rambutan - Mie Iblis lv 2,Ordered on 22 August 2022,0,Buruk,,
1701446020-1117,https://gofood.co.id/en/surabaya/restaurant/mie-gacoan-genteng-f49fb30b-5b97-41b6-b66c-924da5d72fba/reviews,wow murah banget,5.0,Pangsit - Mie Setan lv 3,Ordered on 19 August 2022,1,Baik,,
1701446020-1118,https://gofood.co.id/en/surabaya/restaurant/mie-gacoan-genteng-f49fb30b-5b97-41b6-b66c-924da5d72fba/reviews,mantap pedesnya level 3,5.0,Pangsit - Udang Keju - Mie Iblis lv 3,Ordered on 19 August 2022,1,Baik,,
1701446020-1119,https://gofood.co.id/en/surabaya/restaurant/mie-gacoan-genteng-f49fb30b-5b97-41b6-b66c-924da5d72fba/reviews,"enak banget, pesanan sesuai aplikasi semua, pengiriman cepat, terimakasih",5.0,Udang Keju - Udang Rambutan - Siomay - Mie Iblis lv 6 - Mie Iblis lv 3 - Sundelbolong - Genderuwo,Ordered on 18 August 2022,1,Baik,,
1701446020-1120,https://gofood.co.id/en/surabaya/restaurant/mie-gacoan-genteng-f49fb30b-5b97-41b6-b66c-924da5d72fba/reviews,pas siip oke......,3.0,Mie Iblis lv 4 - Coklat - Udang Keju,Ordered on 18 August 2022,1,Baik,,
1701446020-1121,https://gofood.co.id/en/surabaya/restaurant/mie-gacoan-genteng-f49fb30b-5b97-41b6-b66c-924da5d72fba/reviews,bakal beli lagi,5.0,Mie Iblis lv 3 - Udang Rambutan - Mie Iblis lv 1,Ordered on 17 August 2022,1,Baik,,
1701446020-1122,https://gofood.co.id/en/surabaya/restaurant/mie-gacoan-genteng-f49fb30b-5b97-41b6-b66c-924da5d72fba/reviews,rasanya enak harganya lumayan,5.0,Mie Iblis lv 0 - Mie Iblis lv 2 - Udang Keju - Mie Iblis lv 3 - Siomay,Ordered on 15 August 2022,1,Baik,,
1701446020-1123,https://gofood.co.id/en/surabaya/restaurant/mie-gacoan-genteng-f49fb30b-5b97-41b6-b66c-924da5d72fba/reviews,mantull rasanya,5.0,Mie Iblis lv 2 - Mie Iblis lv 1 - Mie Angel - Udang Rambutan,Ordered on 14 August 2022,1,Baik,,
1701446020-1124,https://gofood.co.id/en/surabaya/restaurant/mie-gacoan-genteng-f49fb30b-5b97-41b6-b66c-924da5d72fba/reviews,"enak dan murah, penyajian cepat",5.0,Mie Angel - Tuyul,Ordered on 16 August 2022,1,Baik,,
1701446020-1125,https://gofood.co.id/en/surabaya/restaurant/mie-gacoan-genteng-f49fb30b-5b97-41b6-b66c-924da5d72fba/reviews,lumayan enak dan harganya murah..,5.0,Udang Rambutan - Mie Iblis lv 1 - Pangsit - Lemon Tea,Ordered on 15 August 2022,1,Baik,,
1701446020-1126,https://gofood.co.id/en/surabaya/restaurant/mie-gacoan-genteng-f49fb30b-5b97-41b6-b66c-924da5d72fba/reviews,"terima kasih pak, maaf agak sedikit membingungkan 🙏",5.0,Mie Iblis lv 1 - Udang Rambutan,Ordered on 15 August 2022,5,Buruk,,
1701446020-1127,https://gofood.co.id/en/surabaya/restaurant/mie-gacoan-genteng-f49fb30b-5b97-41b6-b66c-924da5d72fba/reviews,"Masakan nya enak, tetapi kemasan nya kurang memuaskan, kebersihan nya tidak di jaga",4.0,Mie Setan lv 2,Ordered on 11 August 2022,1,Baik,,
1701446020-1128,https://gofood.co.id/en/surabaya/restaurant/mie-gacoan-genteng-f49fb30b-5b97-41b6-b66c-924da5d72fba/reviews,"kali ini porsi sesuai, pedas sesuai, dan kebersihan masakah terjaga",4.0,Mie Iblis lv 2 - Mie Iblis lv 3 - Mie Iblis lv 4 - Udang Keju - Pocong,Ordered on 14 August 2022,1,Baik,,
1701446020-1129,https://gofood.co.id/en/surabaya/restaurant/mie-gacoan-genteng-f49fb30b-5b97-41b6-b66c-924da5d72fba/reviews,rasa enaak mantaaap meskipun nunggu lama antri banyak.,5.0,Mie Angel - Mie Iblis lv 4 - Tuyul - Udang Rambutan,Ordered on 14 August 2022,1,Baik,,
1701446020-1130,https://gofood.co.id/en/surabaya/restaurant/mie-gacoan-genteng-f49fb30b-5b97-41b6-b66c-924da5d72fba/reviews,enak banget dan sesuai pesanan,5.0,Mie Iblis lv 2 - Siomay,Ordered on 14 August 2022,1,Baik,,
1701446020-1131,https://gofood.co.id/en/surabaya/restaurant/mie-gacoan-genteng-f49fb30b-5b97-41b6-b66c-924da5d72fba/reviews,mantab banget pokoknya,5.0,Mie Angel - Mie Iblis lv 2 - Mie Iblis lv 3 - Udang Rambutan - Mie Iblis lv 1,Ordered on 14 August 2022,1,Baik,,
1701446020-1132,https://gofood.co.id/en/surabaya/restaurant/mie-gacoan-genteng-f49fb30b-5b97-41b6-b66c-924da5d72fba/reviews,"sayangnya kali ini numplek, karena pengiriman pake kresek besar, dan penataan tidak rata.. numplek blek, ndak karu²an bos",4.0,Mie Iblis lv 2 - Udang Keju - Mie Iblis lv 0 - Mie Iblis lv 3 - Udang Rambutan - Mie Iblis lv 4 - Genderuwo,Ordered on 10 August 2022,0,Buruk,,
1701446020-1133,https://gofood.co.id/en/surabaya/restaurant/mie-gacoan-genteng-f49fb30b-5b97-41b6-b66c-924da5d72fba/reviews,GACOAN ENAK POLL mau nambah tapi sayang sama duit😞,5.0,Mie Angel - Mie Setan lv 2 - Genderuwo,Ordered on 13 August 2022,1,Baik,,
1701446020-1134,https://gofood.co.id/en/surabaya/restaurant/mie-gacoan-genteng-f49fb30b-5b97-41b6-b66c-924da5d72fba/reviews,kemasan nya jorok .mm tdk di beri alat mkn padahal SDH di ksi catatan untuk driver nya,3.0,Mie Setan lv 4 - Mie Setan lv 2,Ordered on 13 August 2022,0,Buruk,,
1701446020-1135,https://gofood.co.id/en/surabaya/restaurant/mie-gacoan-genteng-f49fb30b-5b97-41b6-b66c-924da5d72fba/reviews,enak Drive baik dan ramah,5.0,Udang Rambutan - Udang Keju - Mie Iblis lv 2 - Pangsit,Ordered on 9 August 2022,1,Baik,,
1701446020-1136,https://gofood.co.id/en/surabaya/restaurant/mie-gacoan-genteng-f49fb30b-5b97-41b6-b66c-924da5d72fba/reviews,ok enak mantap.............,5.0,Udang Rambutan - Mie Iblis lv 2,Ordered on 10 August 2022,1,Baik,,
1701446020-1137,https://gofood.co.id/en/surabaya/restaurant/mie-gacoan-genteng-f49fb30b-5b97-41b6-b66c-924da5d72fba/reviews,"enak udang kejunya, mienya ya biasa aja ,mie goreng pedas pada umumnya",5.0,Mie Iblis lv 1 - Udang Keju,Ordered on 28 June 2022,1,Baik,,
1701446020-1138,https://gofood.co.id/en/surabaya/restaurant/mie-gacoan-genteng-f49fb30b-5b97-41b6-b66c-924da5d72fba/reviews,gaada nomor yang bisa dihubungi,2.0,Mie Iblis lv 1 - Pangsit,Ordered on 11 August 2022,0,Buruk,,
1701446020-1139,https://gofood.co.id/en/surabaya/restaurant/mie-gacoan-genteng-f49fb30b-5b97-41b6-b66c-924da5d72fba/reviews,lezat dan mantaps abisssss,5.0,Udang Keju - Udang Rambutan - Mie Angel - Mie Setan lv 1,Ordered on 10 August 2022,1,Baik,,
1701446020-1140,https://gofood.co.id/en/surabaya/restaurant/mie-gacoan-genteng-f49fb30b-5b97-41b6-b66c-924da5d72fba/reviews,goreng nya basih dan mie nya agak ada kecut2 nya,1.0,Mie Angel - Udang Rambutan,Ordered on 10 August 2022,0,Buruk,,
1701446020-1141,https://gofood.co.id/en/surabaya/restaurant/mie-gacoan-genteng-f49fb30b-5b97-41b6-b66c-924da5d72fba/reviews,minyaknya tumpah tumpah diplastiknya,4.0,Mie Iblis lv 1 - Udang Rambutan,Ordered on 10 August 2022,0,Buruk,,
1701446020-1142,https://gofood.co.id/en/surabaya/restaurant/mie-gacoan-genteng-f49fb30b-5b97-41b6-b66c-924da5d72fba/reviews,"enakkk ,pedas nyaa pas, kemasan nyaa rapi sekarang",5.0,Udang Rambutan - Mie Iblis lv 4 - Pangsit,Ordered on 9 August 2022,1,Baik,,
1701446020-1143,https://gofood.co.id/en/surabaya/restaurant/mie-gacoan-genteng-f49fb30b-5b97-41b6-b66c-924da5d72fba/reviews,"tolong klo ngasi tanda jenis level bwt dus nya jgn d rusak y, pake bolpoin/spidol kn bsa.",4.0,Mie Angel - Mie Setan lv 8 - Mie Setan lv 4 - Milo - Pocong,Ordered on 7 August 2022,0,Buruk,,
1701446020-1144,https://gofood.co.id/en/surabaya/restaurant/mie-gacoan-genteng-f49fb30b-5b97-41b6-b66c-924da5d72fba/reviews,"MANTULL .. Mntao Bettull ,👍👍🏃",5.0,Udang Rambutan - Mie Iblis lv 2 - Mie Iblis lv 1 - Mie Iblis lv 8,Ordered on 8 August 2022,1,Baik,,
1701446020-1145,https://gofood.co.id/en/surabaya/restaurant/mie-gacoan-genteng-f49fb30b-5b97-41b6-b66c-924da5d72fba/reviews,"Enakk legittt,,pedesnya gilaa🔥🔥🔥",5.0,Mie Iblis lv 1,Ordered on 7 August 2022,1,Baik,,
1701446020-1146,https://gofood.co.id/en/surabaya/restaurant/mie-gacoan-genteng-f49fb30b-5b97-41b6-b66c-924da5d72fba/reviews,Pedasnya Lumayan mengurangi sakit kepala,5.0,Mie Iblis lv 2 - Mie Iblis lv 4 - Mie Iblis lv 3,Ordered on 7 August 2022,1,Baik,,
1701446020-1147,https://gofood.co.id/en/surabaya/restaurant/mie-gacoan-genteng-f49fb30b-5b97-41b6-b66c-924da5d72fba/reviews,"mantul rek rmulai dari rasa, porsi, terus pedes wes pokok e mantul tenan",5.0,Mie Iblis lv 2 - Mie Angel - Mie Iblis lv 3,Ordered on 6 August 2022,1,Baik,,
1701446020-1148,https://gofood.co.id/en/surabaya/restaurant/mie-gacoan-genteng-f49fb30b-5b97-41b6-b66c-924da5d72fba/reviews,enak porsinya cukup,4.0,Mie Setan lv 2,Ordered on 7 August 2022,1,Baik,,
1701446020-1149,https://gofood.co.id/en/surabaya/restaurant/mie-gacoan-genteng-f49fb30b-5b97-41b6-b66c-924da5d72fba/reviews,"packaging nya sudah bagus tapi agak ada yg bocor, terima kasih! enak pol",4.0,Mie Angel - Mie Iblis lv 2 - Mie Setan lv 2,Ordered on 4 August 2022,1,Baik,,
1701446020-1150,https://gofood.co.id/en/surabaya/restaurant/mie-gacoan-genteng-f49fb30b-5b97-41b6-b66c-924da5d72fba/reviews,terimakasih rasa nya enk,5.0,Udang Keju - Mie Iblis lv 4 - Mie Iblis lv 3 - Udang Rambutan,Ordered on 3 August 2022,1,Baik,,
1701446020-1151,https://gofood.co.id/en/surabaya/restaurant/mie-gacoan-genteng-f49fb30b-5b97-41b6-b66c-924da5d72fba/reviews,terlalu banyak minyak,4.0,Mie Setan lv 1 - Mie Angel,Ordered on 5 August 2022,0,Buruk,,
1701446020-1152,https://gofood.co.id/en/surabaya/restaurant/mie-gacoan-genteng-f49fb30b-5b97-41b6-b66c-924da5d72fba/reviews,terlalu banyak minyak,4.0,Mie Iblis lv 1 - Mie Setan lv 1 - Udang Rambutan,Ordered on 4 August 2022,0,Buruk,,
1701446020-1153,https://gofood.co.id/en/surabaya/restaurant/mie-gacoan-genteng-f49fb30b-5b97-41b6-b66c-924da5d72fba/reviews,"kalau bisa di sediakan pakai level cabai 1,2,3,4 dan seterusnya. soalnya kalau menurut saya level 1masih terlihat terlalu pedas...😇🙏 kalau cabe 1,2,3 atau seterusnya bisa memperkirakan kepedasan ... itu saran saya, kalau saya biasanya pakai cabai 1😅",5.0,Mie Iblis lv 2 - Udang Keju - Mie Iblis lv 1 - Siomay - Mie Iblis lv 0,Ordered on 6 August 2022,0,Buruk,,
1701446020-1154,https://gofood.co.id/en/surabaya/restaurant/mie-gacoan-genteng-f49fb30b-5b97-41b6-b66c-924da5d72fba/reviews,mie gacoan ngga pernah gagal se,5.0,Mie Iblis lv 4 - Pangsit,Ordered on 6 August 2022,1,Baik,,
1701446020-1155,https://gofood.co.id/en/surabaya/restaurant/mie-gacoan-genteng-f49fb30b-5b97-41b6-b66c-924da5d72fba/reviews,"tolong wadah nya jangan styrofoam, tolong pake box yg ada tulisannya.",4.0,Mie Iblis lv 0 - Udang Keju,Ordered on 5 August 2022,0,Buruk,,
1701446020-1156,https://gofood.co.id/en/surabaya/restaurant/mie-gacoan-genteng-f49fb30b-5b97-41b6-b66c-924da5d72fba/reviews,gak ada tulisan levelnya yg mie :(,5.0,Mie Iblis lv 2 - Udang Keju - Udang Rambutan - Siomay - Mie Iblis lv 4,Ordered on 6 August 2022,0,Buruk,,
1701446020-1157,https://gofood.co.id/en/surabaya/restaurant/mie-gacoan-genteng-f49fb30b-5b97-41b6-b66c-924da5d72fba/reviews,pokokny enak bett dah awwwww,5.0,Mie Iblis lv 6 - Udang Keju - Udang Rambutan,Ordered on 6 July 2022,1,Baik,,
1701446020-1158,https://gofood.co.id/en/surabaya/restaurant/mie-gacoan-genteng-f49fb30b-5b97-41b6-b66c-924da5d72fba/reviews,"kecewa benget, pesen level 2 Mala tidak ada cabe sama sekali 😭",1.0,Mie Iblis lv 2 - Mie Iblis lv 3 - Udang Keju - Siomay,Ordered on 5 August 2022,0,Buruk,,
1701446020-1159,https://gofood.co.id/en/surabaya/restaurant/mie-gacoan-genteng-f49fb30b-5b97-41b6-b66c-924da5d72fba/reviews,dari rasa enak . untuk kualitas pengemasan di tingkatkan lagi,5.0,Mie Iblis lv 2 - Mie Iblis lv 1 - Mie Angel - Mie Setan lv 1 - Mie Setan lv 4 - Mie Iblis lv 3 - Udang Keju,Ordered on 29 July 2022,1,Baik,,
1701446020-1160,https://gofood.co.id/en/surabaya/restaurant/mie-gacoan-genteng-f49fb30b-5b97-41b6-b66c-924da5d72fba/reviews,"pesen (2) level 0 . (2) level 1 . tp yg datang (3) level 1 , level 0 (1) . tolong lebih teliti lg.",4.0,Mie Iblis lv 0 - Udang Keju - Mie Iblis lv 1,Ordered on 5 August 2022,0,Buruk,,
1701446020-1161,https://gofood.co.id/en/surabaya/restaurant/mie-gacoan-genteng-f49fb30b-5b97-41b6-b66c-924da5d72fba/reviews,enak!! pas bumbunyaa. pertahankan,5.0,Mie Iblis lv 2 - Mie Iblis lv 4 - Mie Iblis lv 0 - Mie Iblis lv 3 - Udang Keju,Ordered on 4 August 2022,1,Baik,,
1701446020-1162,https://gofood.co.id/en/surabaya/restaurant/mie-gacoan-genteng-f49fb30b-5b97-41b6-b66c-924da5d72fba/reviews,terima kasih pelayanannya,5.0,Mie Iblis lv 0 - Udang Keju - Siomay - Thai Green Tea,Ordered on 5 August 2022,1,Baik,,
1701446020-1163,https://gofood.co.id/en/surabaya/restaurant/mie-gacoan-genteng-f49fb30b-5b97-41b6-b66c-924da5d72fba/reviews,pangsit goreng nya letoy gak garing sama sekali dan mie nya terlalu Mateng jadi lembek,2.0,Mie Iblis lv 2 - Mie Iblis lv 1 - Mie Iblis lv 3 - Mie Iblis lv 4,Ordered on 1 August 2022,0,Buruk,,
1701446020-1164,https://gofood.co.id/en/surabaya/restaurant/mie-gacoan-genteng-f49fb30b-5b97-41b6-b66c-924da5d72fba/reviews,kemasan nya nda bagus,1.0,Mie Iblis lv 3 - Mie Angel,Ordered on 3 August 2022,0,Buruk,,
1701446020-1165,https://gofood.co.id/en/surabaya/restaurant/mie-gacoan-genteng-f49fb30b-5b97-41b6-b66c-924da5d72fba/reviews,"enakk seperti biasanya..., untuk kalii ini kemasannya mantap ga kotor bawahnya,have nice day....,untuk rasa mie nyaa tadi ada rasa asepnyaa",5.0,Udang Rambutan - Udang Keju - Mie Iblis lv 6 - Pangsit,Ordered on 4 August 2022,1,Baik,,
1701446020-1166,https://gofood.co.id/en/surabaya/restaurant/mie-gacoan-genteng-f49fb30b-5b97-41b6-b66c-924da5d72fba/reviews,Pangsitnya agak gosong,3.0,Udang Keju - Mie Iblis lv 3 - Mie Iblis lv 1 - Mie Iblis lv 0,Ordered on 4 August 2022,0,Buruk,,
1701446020-1167,https://gofood.co.id/en/surabaya/restaurant/mie-gacoan-genteng-f49fb30b-5b97-41b6-b66c-924da5d72fba/reviews,"kemasan yang ramah lingkungan akan sangat bagus, terutama ketika pelanggan memesan beberapa barang",4.0,Udang Keju - Mie Iblis lv 2,Ordered on 4 August 2022,1,Baik,,
1701446020-1168,https://gofood.co.id/en/surabaya/restaurant/mie-gacoan-genteng-f49fb30b-5b97-41b6-b66c-924da5d72fba/reviews,rasanya mulai berkurang juga di kasih kuahnya jadi ky kering 🙏,4.0,Mie Iblis lv 1 - Mie Angel - Pangsit,Ordered on 31 July 2022,0,Buruk,,
1701446020-1169,https://gofood.co.id/en/surabaya/restaurant/mie-gacoan-genteng-f49fb30b-5b97-41b6-b66c-924da5d72fba/reviews,sayang deh sama chef - nya!,5.0,Mie Iblis lv 3 - Udang Rambutan - Mie Iblis lv 4,Ordered on 2 August 2022,1,Baik,,
1701446020-1170,https://gofood.co.id/en/surabaya/restaurant/mie-gacoan-genteng-f49fb30b-5b97-41b6-b66c-924da5d72fba/reviews,pesanan lengkap minus alat makan aja sama lama,3.0,Udang Keju - Mie Iblis lv 2 - Mie Iblis lv 6,Ordered on 3 August 2022,0,Buruk,,
1701446020-1171,https://gofood.co.id/en/surabaya/restaurant/mie-gacoan-genteng-f49fb30b-5b97-41b6-b66c-924da5d72fba/reviews,pelayananya lama,3.0,Mie Iblis lv 2 - Mie Iblis lv 1,Ordered on 3 August 2022,0,Buruk,,
1701446020-1172,https://gofood.co.id/en/surabaya/restaurant/mie-gacoan-genteng-f49fb30b-5b97-41b6-b66c-924da5d72fba/reviews,lain kali kasih daging yaa,4.0,Mie Iblis lv 6 - Udang Rambutan - Genderuwo - Mie Iblis lv 1,Ordered on 2 August 2022,0,Buruk,,
1701446020-1173,https://gofood.co.id/en/surabaya/restaurant/mie-gacoan-genteng-f49fb30b-5b97-41b6-b66c-924da5d72fba/reviews,wuenak sekali kerennn,5.0,Mie Setan lv 4 - Mie Iblis lv 2 - Siomay - Udang Rambutan,Ordered on 2 August 2022,1,Baik,,
1701446020-1174,https://gofood.co.id/en/surabaya/restaurant/mie-gacoan-genteng-f49fb30b-5b97-41b6-b66c-924da5d72fba/reviews,Tidak sesuai pesanan!,1.0,Mie Iblis lv 2 - Udang Keju - Teh - Udang Rambutan,Ordered on 2 August 2022,0,Buruk,,
1701446020-1175,https://gofood.co.id/en/surabaya/restaurant/mie-gacoan-genteng-f49fb30b-5b97-41b6-b66c-924da5d72fba/reviews,"slalu enak sih, aplgi udang kejuny tpi sausnya dkit:(",5.0,Udang Keju - Mie Angel,Ordered on 2 August 2022,1,Baik,,
1701446020-1176,https://gofood.co.id/en/surabaya/restaurant/mie-gacoan-genteng-f49fb30b-5b97-41b6-b66c-924da5d72fba/reviews,meski pesen level 0 kan udah dikasih note kalo di kasih sambel dikit taruh pinggir. tp ga dikasih 😪,3.0,Mie Iblis lv 0 - Udang Keju,Ordered on 2 August 2022,0,Buruk,,
1701446020-1177,https://gofood.co.id/en/surabaya/restaurant/mie-gacoan-genteng-f49fb30b-5b97-41b6-b66c-924da5d72fba/reviews,berantakan pas sampai,4.0,Udang Rambutan - Mie Iblis lv 6 - Siomay - Mie Iblis lv 4,Ordered on 12 July 2022,0,Buruk,,
1701446020-1178,https://gofood.co.id/en/surabaya/restaurant/mie-gacoan-genteng-f49fb30b-5b97-41b6-b66c-924da5d72fba/reviews,Bapak nya baik hati dan juga sabar,5.0,Mie Iblis lv 1 - Udang Keju,Ordered on 1 August 2022,1,Baik,,
1701446020-1179,https://gofood.co.id/en/surabaya/restaurant/mie-gacoan-genteng-f49fb30b-5b97-41b6-b66c-924da5d72fba/reviews,"Per-udang-an enak banget Ya Allaaahh.. Masya Allaaaahhh 😭😭😭 Tapi sayaang gaa angeett. Sblmnya beli di cabang lain, lebih dari stgh jam an blm habis tapi panasnya masih kerasa looo. Tapi yaweslah, makasi yaaa",5.0,Udang Rambutan - Udang Keju - Siomay,Ordered on 31 July 2022,1,Baik,,
1701446020-1180,https://gofood.co.id/en/surabaya/restaurant/mie-gacoan-genteng-f49fb30b-5b97-41b6-b66c-924da5d72fba/reviews,enak tapi enak yg kenjeran,5.0,Udang Rambutan - Mie Angel - Mie Iblis lv 2 - Mie Setan lv 2,Ordered on 31 July 2022,1,Baik,,
1701446020-1181,https://gofood.co.id/en/surabaya/restaurant/mie-gacoan-genteng-f49fb30b-5b97-41b6-b66c-924da5d72fba/reviews,Mantap cepat' makanan enak,5.0,Mie Iblis lv 2 - Mie Setan lv 4,Ordered on 29 July 2022,1,Baik,,
1701446020-1182,https://gofood.co.id/en/surabaya/restaurant/mie-gacoan-genteng-f49fb30b-5b97-41b6-b66c-924da5d72fba/reviews,tekstur mie nya sekarang agak beda ya,5.0,Mie Angel - Mie Setan lv 1 - Mie Iblis lv 3,Ordered on 24 July 2022,0,Buruk,,
1701446020-1183,https://gofood.co.id/en/surabaya/restaurant/mie-gacoan-genteng-f49fb30b-5b97-41b6-b66c-924da5d72fba/reviews,sehat selalu buat chef-nya dan anggota lainnya saya menyukai mknnya,5.0,Pangsit - Lemon Tea,Ordered on 30 July 2022,1,Baik,,
1701446020-1184,https://gofood.co.id/en/surabaya/restaurant/mie-gacoan-genteng-f49fb30b-5b97-41b6-b66c-924da5d72fba/reviews,kali ini g tau kenapa enakkk bgtttt.. sumpah.. kali ini bener2 puas sama gacoan. pertahanin terus kek gini ya,5.0,Udang Keju - Mie Iblis lv 3 - Pangsit,Ordered on 30 July 2022,1,Baik,,
1701446020-1185,https://gofood.co.id/en/surabaya/restaurant/mie-gacoan-genteng-f49fb30b-5b97-41b6-b66c-924da5d72fba/reviews,rasanya enak banget dan porsi yang pas di perut.,5.0,Mie Angel - Coklat - Udang Keju - Mie Iblis lv 2 - Tuyul,Ordered on 16 July 2022,1,Baik,,
1701446020-1186,https://gofood.co.id/en/surabaya/restaurant/mie-gacoan-genteng-f49fb30b-5b97-41b6-b66c-924da5d72fba/reviews,Level 1 pedesssss bgt😩🥹 biasanya enggak,3.0,Mie Iblis lv 1 - Udang Rambutan - Udang Keju,Ordered on 26 July 2022,0,Buruk,,
1701446020-1187,https://gofood.co.id/en/surabaya/restaurant/mie-gacoan-genteng-f49fb30b-5b97-41b6-b66c-924da5d72fba/reviews,ada menu minuman yang kurang di buatkan ... di pesanan ada tapi di nota ngak ada ...,3.0,Mie Iblis lv 2 - Udang Keju - Udang Rambutan - Siomay - Pocong - Genderuwo - Milo,Ordered on 29 July 2022,0,Buruk,,
1701446020-1188,https://gofood.co.id/en/surabaya/restaurant/mie-gacoan-genteng-f49fb30b-5b97-41b6-b66c-924da5d72fba/reviews,udah langganan deh porsi bnyak murah bgt pas untuk ank kos an nih gak pernah ngecewain semua menunya,5.0,Mie Iblis lv 2 - Mie Iblis lv 1 - Udang Keju,Ordered on 26 July 2022,1,Baik,,
1701446020-1189,https://gofood.co.id/en/surabaya/restaurant/mie-gacoan-genteng-f49fb30b-5b97-41b6-b66c-924da5d72fba/reviews,gakk enakk kalo mie udah basi udah kecut GK usah di jual kyak nggak niat jual aja kecewa bgt,5.0,Mie Iblis lv 1 - Siomay - Mie Iblis lv 4,Ordered on 27 July 2022,0,Buruk,,
1701446020-1190,https://gofood.co.id/en/surabaya/restaurant/mie-gacoan-genteng-f49fb30b-5b97-41b6-b66c-924da5d72fba/reviews,uenakkk parahh si brooo,5.0,Udang Rambutan - Mie Iblis lv 4 - Mie Setan lv 2 - Mie Iblis lv 1 - Mie Angel,Ordered on 29 July 2022,1,Baik,,
1701446020-1191,https://gofood.co.id/en/surabaya/restaurant/mie-gacoan-genteng-f49fb30b-5b97-41b6-b66c-924da5d72fba/reviews,"karena pesenan ngk sesuai... pesen level 0, level 2 dan level 4. eh level 0 nya ngk ad... yg ad level 1",1.0,Mie Iblis lv 2 - Mie Iblis lv 0 - Mie Iblis lv 4 - Udang Rambutan - Udang Keju,Ordered on 29 July 2022,0,Buruk,,
1701446020-1192,https://gofood.co.id/en/surabaya/restaurant/mie-gacoan-genteng-f49fb30b-5b97-41b6-b66c-924da5d72fba/reviews,klau bisa porsi mienya di tambah dikit kak.. hehe,3.0,Mie Setan lv 2 - Milo,Ordered on 29 July 2022,0,Buruk,,
1701446020-1193,https://gofood.co.id/en/surabaya/restaurant/mie-gacoan-genteng-f49fb30b-5b97-41b6-b66c-924da5d72fba/reviews,Rasa nya udah gk kyk dulu lagi waktu pertama beli sama udang keju nya juga udah beda rasa nya,3.0,Mie Iblis lv 1 - Udang Keju,Ordered on 28 July 2022,0,Buruk,,
1701446020-1194,https://gofood.co.id/en/surabaya/restaurant/mie-gacoan-genteng-f49fb30b-5b97-41b6-b66c-924da5d72fba/reviews,lain kali untuk pesanan beda level di tulis secara jelas ya. kasian yg gasuka pedes jd harus makan yg pedes🙏🏻,4.0,Mie Iblis lv 1 - Mie Iblis lv 4 - Pangsit,Ordered on 29 July 2022,0,Buruk,,
1701446020-1195,https://gofood.co.id/en/surabaya/restaurant/mie-gacoan-genteng-f49fb30b-5b97-41b6-b66c-924da5d72fba/reviews,"mi enakkk, pangsit juga enak, minumannya apalagii enak bangett segerr",5.0,Mie Iblis lv 4 - Pangsit - Mie Setan lv 2 - Pocong,Ordered on 28 July 2022,1,Baik,,
1701446020-1196,https://gofood.co.id/en/surabaya/restaurant/mie-gacoan-genteng-f49fb30b-5b97-41b6-b66c-924da5d72fba/reviews,ke banyakan kecap,4.0,Udang Keju - Siomay - Mie Iblis lv 4 - Udang Rambutan,Ordered on 28 July 2022,0,Buruk,,
1701446020-1197,https://gofood.co.id/en/surabaya/restaurant/mie-gacoan-genteng-f49fb30b-5b97-41b6-b66c-924da5d72fba/reviews,Yo Wes Ngunu Iku Rasane...,5.0,Mie Angel - Mie Setan lv 2 - Coklat,Ordered on 25 July 2022,1,Baik,,
1701446020-1198,https://gofood.co.id/en/surabaya/restaurant/mie-gacoan-genteng-f49fb30b-5b97-41b6-b66c-924da5d72fba/reviews,"Mantap bosq, semoga bisa beli lagi",5.0,Udang Keju - Mie Iblis lv 0,Ordered on 28 July 2022,1,Baik,,
1701446020-1199,https://gofood.co.id/en/surabaya/restaurant/mie-gacoan-genteng-f49fb30b-5b97-41b6-b66c-924da5d72fba/reviews,"sesuai pesanan, hanya ada yg miring jadi minyaknya ada yg tumpah",5.0,Mie Iblis lv 2 - Udang Rambutan - Mie Iblis lv 0 - Mie Iblis lv 3 - Mie Iblis lv 6,Ordered on 28 July 2022,1,Baik,,
1701446020-1200,https://gofood.co.id/en/surabaya/restaurant/mie-gacoan-genteng-f49fb30b-5b97-41b6-b66c-924da5d72fba/reviews,"mie nya agak bauh busuk, mie nya berkeringat dan lengket tolong klk jual lan yg berkualitas",1.0,Mie Angel - Mie Setan lv 1 - Udang Rambutan - Siomay,Ordered on 27 July 2022,0,Buruk,,
1701446020-1201,https://gofood.co.id/en/surabaya/restaurant/mie-gacoan-genteng-f49fb30b-5b97-41b6-b66c-924da5d72fba/reviews,sayang deeeh ama chefnya😍😘,5.0,Mie Iblis lv 2,Ordered on 27 July 2022,1,Baik,,
1701446020-1202,https://gofood.co.id/en/surabaya/restaurant/mie-gacoan-genteng-f49fb30b-5b97-41b6-b66c-924da5d72fba/reviews,enak kok. tpi buat porsi mie nya agak kurang hihihi,4.0,Mie Angel,Ordered on 27 July 2022,1,Baik,,
1701446020-1203,https://gofood.co.id/en/surabaya/restaurant/mie-gacoan-genteng-f49fb30b-5b97-41b6-b66c-924da5d72fba/reviews,1000 enaaaakkkkk,5.0,Mie Iblis lv 2 - Pangsit - Genderuwo - Mie Iblis lv 1,Ordered on 27 July 2022,1,Baik,,
1701446020-1204,https://gofood.co.id/en/surabaya/restaurant/mie-gacoan-genteng-f49fb30b-5b97-41b6-b66c-924da5d72fba/reviews,tambahin porsinya dong chef,5.0,Mie Iblis lv 8 - Mie Iblis lv 1 - Mie Iblis lv 0 - Pangsit,Ordered on 26 July 2022,1,Baik,,
1701446020-1205,https://gofood.co.id/en/surabaya/restaurant/mie-gacoan-genteng-f49fb30b-5b97-41b6-b66c-924da5d72fba/reviews,mie nya bau gosong udang rambutannya keasinan,3.0,Mie Iblis lv 1 - Udang Rambutan,Ordered on 26 July 2022,0,Buruk,,
1701446020-1206,https://gofood.co.id/en/surabaya/restaurant/mie-gacoan-genteng-f49fb30b-5b97-41b6-b66c-924da5d72fba/reviews,rasanya enak dan ga bosenin,5.0,Mie Iblis lv 0 - Mie Iblis lv 2 - Mie Iblis lv 1 - Mie Angel,Ordered on 23 July 2022,1,Baik,,
1701446020-1207,https://gofood.co.id/en/surabaya/restaurant/mie-gacoan-genteng-f49fb30b-5b97-41b6-b66c-924da5d72fba/reviews,mantap betul makanan nya,5.0,Mie Iblis lv 8 - Siomay - Udang Rambutan - Udang Keju,Ordered on 25 July 2022,1,Baik,,
1701446020-1208,https://gofood.co.id/en/surabaya/restaurant/mie-gacoan-genteng-f49fb30b-5b97-41b6-b66c-924da5d72fba/reviews,kurang guri gk enak rasa nya,1.0,Udang Rambutan - Mie Iblis lv 0 - Udang Keju,Ordered on 22 July 2022,0,Buruk,,
1701446020-1209,https://gofood.co.id/en/surabaya/restaurant/mie-gacoan-genteng-f49fb30b-5b97-41b6-b66c-924da5d72fba/reviews,level 1 pedes nya kek level 8 hmm,3.0,Mie Iblis lv 0 - Mie Iblis lv 1 - Tuyul,Ordered on 21 July 2022,0,Buruk,,
1701446020-1210,https://gofood.co.id/en/surabaya/restaurant/mie-gacoan-genteng-f49fb30b-5b97-41b6-b66c-924da5d72fba/reviews,mie nya lebih enak di cab kenjeran,4.0,Mie Angel - Udang Rambutan - Mie Iblis lv 1 - Pangsit,Ordered on 21 July 2022,1,Baik,,
1701446020-1211,https://gofood.co.id/en/surabaya/restaurant/mie-gacoan-genteng-f49fb30b-5b97-41b6-b66c-924da5d72fba/reviews,mantap dan nikmat,5.0,Mie Iblis lv 2 - Udang Rambutan - Mie Iblis lv 1 - Mie Angel - Sundelbolong,Ordered on 24 July 2022,1,Baik,,
1701446020-1212,https://gofood.co.id/en/surabaya/restaurant/mie-gacoan-genteng-f49fb30b-5b97-41b6-b66c-924da5d72fba/reviews,puass banget sampek perut kekenyangan😂😂😂😂,5.0,Mie Iblis lv 6 - Mie Iblis lv 2 - Coklat - Pangsit,Ordered on 23 July 2022,1,Baik,,
1701446020-1213,https://gofood.co.id/en/surabaya/restaurant/mie-gacoan-genteng-f49fb30b-5b97-41b6-b66c-924da5d72fba/reviews,"ud enk,,hnya gurih nya kurang",4.0,Mie Setan lv 8 - Siomay,Ordered on 22 July 2022,1,Baik,,
1701446020-1214,https://gofood.co.id/en/surabaya/restaurant/mie-gacoan-genteng-f49fb30b-5b97-41b6-b66c-924da5d72fba/reviews,penyajian level tidak sesuai. level 0 dikasih cabe kaya level 1. level 1 seperti level diatasnya,3.0,Mie Iblis lv 1 - Mie Iblis lv 0,Ordered on 22 July 2022,0,Buruk,,
1701446020-1215,https://gofood.co.id/en/surabaya/restaurant/mie-gacoan-genteng-f49fb30b-5b97-41b6-b66c-924da5d72fba/reviews,mantul pedesnya,5.0,Mie Iblis lv 4 - Orange,Ordered on 21 July 2022,1,Baik,,
1701446020-1216,https://gofood.co.id/en/surabaya/restaurant/mie-gacoan-genteng-f49fb30b-5b97-41b6-b66c-924da5d72fba/reviews,Porsinya tambah berkurang,2.0,Mie Iblis lv 1 - Udang Keju - Teh,Ordered on 21 July 2022,0,Buruk,,
1701446020-1217,https://gofood.co.id/en/surabaya/restaurant/mie-gacoan-genteng-f49fb30b-5b97-41b6-b66c-924da5d72fba/reviews,gaada kecapnya (gda rasa) mienya terlalu matang tp oke lah gpp,4.0,Mie Iblis lv 1 - Mie Iblis lv 0 - Thai Green Tea,Ordered on 21 July 2022,0,Buruk,,
1701446020-1218,https://gofood.co.id/en/surabaya/restaurant/mie-gacoan-genteng-f49fb30b-5b97-41b6-b66c-924da5d72fba/reviews,cucok tenan rasane!,5.0,Mie Angel,Ordered on 20 July 2022,1,Baik,,
1701446020-1219,https://gofood.co.id/en/surabaya/restaurant/mie-gacoan-genteng-f49fb30b-5b97-41b6-b66c-924da5d72fba/reviews,rasanya agak beda ya? kayaknya kecapnya kurang soalnya bener2 tipis bgt rasa manisnya. tp tetep enak kok. ditingkatin lg aja ya.,4.0,Pangsit - Mie Iblis lv 2,Ordered on 20 July 2022,0,Buruk,,
1701446020-1220,https://gofood.co.id/en/surabaya/restaurant/mie-gacoan-genteng-f49fb30b-5b97-41b6-b66c-924da5d72fba/reviews,"kurang sausnya , kemasannya kurang rapih",3.0,Udang Rambutan - Mie Iblis lv 0 - Pangsit - Mie Setan lv 1,Ordered on 20 July 2022,0,Buruk,,
1701446020-1221,https://gofood.co.id/en/surabaya/restaurant/mie-gacoan-genteng-f49fb30b-5b97-41b6-b66c-924da5d72fba/reviews,"Mie cuma rasa pedas, tidak ada rasa lainnya. Udang keju nya Enak",3.0,Udang Rambutan - Udang Keju - Mie Setan lv 1 - Mie Setan lv 2 - Mie Iblis lv 1,Ordered on 17 July 2022,0,Buruk,,
1701446020-1222,https://gofood.co.id/en/surabaya/restaurant/mie-gacoan-genteng-f49fb30b-5b97-41b6-b66c-924da5d72fba/reviews,sip rekom deh tapi packing yang bagus ya hehe,5.0,Mie Iblis lv 1 - Udang Keju - Pocong,Ordered on 19 July 2022,1,Baik,,
1701446020-1223,https://gofood.co.id/en/surabaya/restaurant/mie-gacoan-genteng-f49fb30b-5b97-41b6-b66c-924da5d72fba/reviews,cinta deh sama chefnya *lope unguu,5.0,Mie Iblis lv 4 - Mie Iblis lv 3 - Mie Iblis lv 1 - Udang Rambutan,Ordered on 15 July 2022,1,Baik,,
1701446020-1224,https://gofood.co.id/en/surabaya/restaurant/mie-gacoan-genteng-f49fb30b-5b97-41b6-b66c-924da5d72fba/reviews,terim kasih atas makanan nya,5.0,Mie Iblis lv 3 - Udang Keju,Ordered on 7 June 2022,1,Baik,,
1701446020-1225,https://gofood.co.id/en/surabaya/restaurant/mie-gacoan-genteng-f49fb30b-5b97-41b6-b66c-924da5d72fba/reviews,sterofoamnya ada yang pecah karena tergencet,4.0,Mie Iblis lv 2 - Udang Keju - Siomay - Mie Iblis lv 8,Ordered on 18 July 2022,0,Buruk,,
1701446020-1226,https://gofood.co.id/en/surabaya/restaurant/mie-gacoan-genteng-f49fb30b-5b97-41b6-b66c-924da5d72fba/reviews,saya pesen level 1 kenapa pedes banget ya perasaan level 1 itu ga terlalu over pedesnya,5.0,Mie Iblis lv 1,Ordered on 18 July 2022,0,Buruk,,
1701446020-1227,https://gofood.co.id/en/surabaya/restaurant/mie-gacoan-genteng-f49fb30b-5b97-41b6-b66c-924da5d72fba/reviews,selalu puas SM resto ini,5.0,Udang Keju - Mie Iblis lv 1 - Mie Iblis lv 0 - Siomay,Ordered on 15 July 2022,1,Baik,,
1701446020-1228,https://gofood.co.id/en/surabaya/restaurant/mie-gacoan-genteng-f49fb30b-5b97-41b6-b66c-924da5d72fba/reviews,terima kasih banyakkk :),5.0,Mie Iblis lv 1 - Udang Rambutan - Udang Keju - Siomay,Ordered on 13 July 2022,1,Baik,,
1701446020-1229,https://gofood.co.id/en/surabaya/restaurant/mie-gacoan-genteng-f49fb30b-5b97-41b6-b66c-924da5d72fba/reviews,gk enak rasa nya,1.0,Mie Iblis lv 2 - Udang Rambutan,Ordered on 13 July 2022,1,Baik,,
1701446020-1230,https://gofood.co.id/en/surabaya/restaurant/mie-gacoan-genteng-f49fb30b-5b97-41b6-b66c-924da5d72fba/reviews,MantaPkS......,5.0,Mie Iblis lv 1 - Siomay - Mie Angel,Ordered on 17 July 2022,1,Baik,,
1701446020-1231,https://gofood.co.id/en/surabaya/restaurant/mie-gacoan-genteng-f49fb30b-5b97-41b6-b66c-924da5d72fba/reviews,"Mantap bosq, sampek ketagihan!",5.0,Mie Iblis lv 1 - Udang Rambutan,Ordered on 15 July 2022,1,Baik,,
1701446020-1232,https://gofood.co.id/en/surabaya/restaurant/mie-gacoan-genteng-f49fb30b-5b97-41b6-b66c-924da5d72fba/reviews,untuk udang yg di bungkus mie rasanya pahit ya,3.0,Mie Angel - Siomay - Udang Rambutan,Ordered on 17 July 2022,0,Buruk,,
1701446020-1233,https://gofood.co.id/en/surabaya/restaurant/mie-gacoan-genteng-f49fb30b-5b97-41b6-b66c-924da5d72fba/reviews,ok mantap mantap,5.0,Mie Iblis lv 0 - Mie Iblis lv 1,Ordered on 17 July 2022,1,Baik,,
1701446020-1234,https://gofood.co.id/en/surabaya/restaurant/mie-gacoan-genteng-f49fb30b-5b97-41b6-b66c-924da5d72fba/reviews,"pesan jam 18:30, saat pick up jam 19:30 masih nunggu ±15 mnt",2.0,Mie Iblis lv 1 - Mie Setan lv 1,Ordered on 2 July 2022,0,Buruk,,
1701446020-1235,https://gofood.co.id/en/surabaya/restaurant/mie-gacoan-genteng-f49fb30b-5b97-41b6-b66c-924da5d72fba/reviews,lumayan enak gak asin,1.0,Mie Setan lv 1 - Mie Iblis lv 3 - Siomay - Udang Rambutan - Pangsit,Ordered on 30 June 2022,1,Baik,,
1701446020-1236,https://gofood.co.id/en/surabaya/restaurant/mie-gacoan-genteng-f49fb30b-5b97-41b6-b66c-924da5d72fba/reviews,kemasan styrofoam nya gampang sobek kalau makanan nya hangat dan berbumbu,4.0,Siomay - Mie Iblis lv 2,Ordered on 16 July 2022,0,Buruk,,
1701446020-1237,https://gofood.co.id/en/surabaya/restaurant/mie-gacoan-genteng-f49fb30b-5b97-41b6-b66c-924da5d72fba/reviews,makanannya enak,5.0,Mie Angel - Mie Setan lv 1 - Udang Keju,Ordered on 15 July 2022,1,Baik,,
1701446020-1238,https://gofood.co.id/en/surabaya/restaurant/mie-gacoan-genteng-f49fb30b-5b97-41b6-b66c-924da5d72fba/reviews,Haucek enak banget,5.0,Mie Setan lv 1 - Mie Angel,Ordered on 15 July 2022,1,Baik,,
1701446020-1239,https://gofood.co.id/en/surabaya/restaurant/mie-gacoan-genteng-f49fb30b-5b97-41b6-b66c-924da5d72fba/reviews,rasa enak&porsinya banyak,5.0,Udang Rambutan - Udang Keju - Mie Iblis lv 2,Ordered on 15 July 2022,1,Baik,,
1701446020-1240,https://gofood.co.id/en/surabaya/restaurant/mie-gacoan-genteng-f49fb30b-5b97-41b6-b66c-924da5d72fba/reviews,"saat beli pangsit gorengnya, sama udang kejunya kebetulan dpt yg agak bau. biasanya fresh",4.0,Udang Keju - Mie Iblis lv 1 - Siomay,Ordered on 12 July 2022,0,Buruk,,
1701446020-1241,https://gofood.co.id/en/surabaya/restaurant/mie-gacoan-genteng-f49fb30b-5b97-41b6-b66c-924da5d72fba/reviews,makasih&rekomender bgt reply order,5.0,Mie Iblis lv 1 - Mie Iblis lv 2 - Mie Iblis lv 4,Ordered on 13 July 2022,1,Baik,,
1701446020-1242,https://gofood.co.id/en/surabaya/restaurant/mie-gacoan-genteng-f49fb30b-5b97-41b6-b66c-924da5d72fba/reviews,pertahankan kualitas makanannya👍👍,5.0,Mie Iblis lv 2 - Mie Iblis lv 0 - Udang Rambutan - Siomay,Ordered on 15 July 2022,1,Baik,,
1701446020-1243,https://gofood.co.id/en/surabaya/restaurant/mie-gacoan-genteng-f49fb30b-5b97-41b6-b66c-924da5d72fba/reviews,Terima kasih.. ^^,5.0,Mie Iblis lv 1 - Mie Iblis lv 4 - Siomay - Udang Keju - Pangsit,Ordered on 14 July 2022,1,Baik,,
1701446020-1244,https://gofood.co.id/en/surabaya/restaurant/mie-gacoan-genteng-f49fb30b-5b97-41b6-b66c-924da5d72fba/reviews,Jangan pakai strereofoam,5.0,Mie Iblis lv 1 - Udang Rambutan - Siomay - Udang Keju,Ordered on 29 June 2022,0,Buruk,,
1701446020-1245,https://gofood.co.id/en/surabaya/restaurant/mie-gacoan-genteng-f49fb30b-5b97-41b6-b66c-924da5d72fba/reviews,pedasnya muantab,5.0,Mie Iblis lv 2 - Mie Iblis lv 6 - Siomay - Udang Rambutan - Udang Keju,Ordered on 14 July 2022,1,Baik,,
1701446020-1246,https://gofood.co.id/en/surabaya/restaurant/mie-gacoan-genteng-f49fb30b-5b97-41b6-b66c-924da5d72fba/reviews,service cepatt dan semua pesanan sesuai,5.0,Mie Iblis lv 1 - Mie Setan lv 1 - Udang Keju,Ordered on 10 July 2022,1,Baik,,
1701446020-1247,https://gofood.co.id/en/surabaya/restaurant/mie-gacoan-genteng-f49fb30b-5b97-41b6-b66c-924da5d72fba/reviews,Pangsitnya kurang satu🥲,2.0,Mie Iblis lv 1 - Udang Keju - Teh,Ordered on 13 July 2022,0,Buruk,,
1701446020-1248,https://gofood.co.id/en/surabaya/restaurant/mie-gacoan-genteng-f49fb30b-5b97-41b6-b66c-924da5d72fba/reviews,sayang deh sama ceff nya,5.0,Mie Angel - Mie Setan lv 8 - Mie Setan lv 6,Ordered on 13 July 2022,1,Baik,,
1701446020-1249,https://gofood.co.id/en/surabaya/restaurant/mie-gacoan-genteng-f49fb30b-5b97-41b6-b66c-924da5d72fba/reviews,sayang deh sama chefnya enak banget,5.0,Mie Iblis lv 3 - Siomay - Udang Rambutan - Udang Keju - Pangsit,Ordered on 12 July 2022,1,Baik,,
1701446020-1250,https://gofood.co.id/en/surabaya/restaurant/mie-gacoan-genteng-f49fb30b-5b97-41b6-b66c-924da5d72fba/reviews,penulisan level nya di perhatikan lagi ini adek saya kepedesan salah level.. padahal tulisanya udah lvl 1,4.0,Mie Iblis lv 2 - Udang Keju - Mie Iblis lv 1,Ordered on 11 July 2022,0,Buruk,,
1701446020-1251,https://gofood.co.id/en/surabaya/restaurant/mie-gacoan-genteng-f49fb30b-5b97-41b6-b66c-924da5d72fba/reviews,"terlalu matang, jadi tekstur agak lembek",4.0,Udang Keju - Mie Iblis lv 1 - Mie Iblis lv 4,Ordered on 11 July 2022,0,Buruk,,
1701446020-1252,https://gofood.co.id/en/surabaya/restaurant/mie-gacoan-genteng-f49fb30b-5b97-41b6-b66c-924da5d72fba/reviews,mantaaaaaaaaaaaaap,5.0,Udang Rambutan - Mie Iblis lv 4 - Mie Iblis lv 2 - Genderuwo - Pocong - Udang Keju,Ordered on 10 July 2022,1,Baik,,
1701446020-1253,https://gofood.co.id/en/surabaya/restaurant/mie-gacoan-genteng-f49fb30b-5b97-41b6-b66c-924da5d72fba/reviews,"minta lvl 1, pueeedessss gak karuan jd gak isa dimakan😐. tolong jgn asal tuang sambal aja kak",2.0,Mie Iblis lv 1 - Udang Rambutan - Pangsit,Ordered on 10 July 2022,0,Buruk,,
1701446020-1254,https://gofood.co.id/en/surabaya/restaurant/mie-gacoan-genteng-f49fb30b-5b97-41b6-b66c-924da5d72fba/reviews,"Cabe mahal ya, pesen level 8 kek pesen level 1 😭😭😭😭, mengsedih",5.0,Mie Iblis lv 1 - Mie Iblis lv 3 - Mie Iblis lv 8 - Udang Keju - Udang Rambutan,Ordered on 10 July 2022,0,Buruk,,
1701446020-1255,https://gofood.co.id/en/surabaya/restaurant/mie-gacoan-genteng-f49fb30b-5b97-41b6-b66c-924da5d72fba/reviews,lama dan terlalu berminyak,3.0,Mie Iblis lv 3 - Udang Rambutan,Ordered on 9 July 2022,0,Buruk,,
1701446020-1256,https://gofood.co.id/en/surabaya/restaurant/mie-gacoan-genteng-f49fb30b-5b97-41b6-b66c-924da5d72fba/reviews,porsi nya kurang 1,1.0,Udang Keju - Udang Rambutan - Mie Iblis lv 8 - Mie Iblis lv 0 - Mie Iblis lv 3 - Mie Iblis lv 6,Ordered on 9 July 2022,0,Buruk,,
1701446020-1257,https://gofood.co.id/en/surabaya/restaurant/mie-gacoan-genteng-f49fb30b-5b97-41b6-b66c-924da5d72fba/reviews,makanannya enak,5.0,Mie Angel - Udang Keju,Ordered on 9 July 2022,1,Baik,,
1701446020-1258,https://gofood.co.id/en/surabaya/restaurant/mie-gacoan-genteng-f49fb30b-5b97-41b6-b66c-924da5d72fba/reviews,pangsitt ayam nya kurang 1 biji,3.0,Mie Setan lv 3 - Mie Setan lv 1,Ordered on 9 July 2022,0,Buruk,,
1701446020-1259,https://gofood.co.id/en/surabaya/restaurant/mie-gacoan-genteng-f49fb30b-5b97-41b6-b66c-924da5d72fba/reviews,enak mantap hahahahah,5.0,Mie Iblis lv 2,Ordered on 8 July 2022,1,Baik,,
1701446020-1260,https://gofood.co.id/en/surabaya/restaurant/mie-gacoan-genteng-f49fb30b-5b97-41b6-b66c-924da5d72fba/reviews,Pedes tapi kurang asin,5.0,Mie Iblis lv 8 - Udang Rambutan - Sundelbolong - Mie Setan lv 8 - Mie Iblis lv 2 - Udang Keju,Ordered on 8 July 2022,0,Buruk,,
1701446020-1261,https://gofood.co.id/en/surabaya/restaurant/mie-gacoan-genteng-f49fb30b-5b97-41b6-b66c-924da5d72fba/reviews,rasanya tidak seperti biasanya,2.0,Mie Iblis lv 0 - Mie Iblis lv 2 - Udang Keju - Mie Iblis lv 1 - Tuyul - Pocong,Ordered on 7 July 2022,0,Buruk,,
1701446020-1262,https://gofood.co.id/en/surabaya/restaurant/mie-gacoan-genteng-f49fb30b-5b97-41b6-b66c-924da5d72fba/reviews,level pedas tidak sesuai biasanya,3.0,Mie Iblis lv 8 - Udang Rambutan,Ordered on 7 July 2022,0,Buruk,,
1701446020-1263,https://gofood.co.id/en/surabaya/restaurant/mie-gacoan-genteng-f49fb30b-5b97-41b6-b66c-924da5d72fba/reviews,👍satu milyar wah murah bangeeeet,5.0,Mie Setan lv 3,Ordered on 6 July 2022,1,Baik,,
1701446020-1264,https://gofood.co.id/en/surabaya/restaurant/mie-gacoan-genteng-f49fb30b-5b97-41b6-b66c-924da5d72fba/reviews,mie gacoan pedas ya mantaap saya level 6,5.0,Mie Iblis lv 6 - Udang Rambutan - Mie Angel,Ordered on 2 July 2022,1,Baik,,
1701446020-1265,https://gofood.co.id/en/surabaya/restaurant/mie-gacoan-genteng-f49fb30b-5b97-41b6-b66c-924da5d72fba/reviews,mantap pedas nya,5.0,Mie Setan lv 1 - Mie Setan lv 4 - Tuyul,Ordered on 6 July 2022,1,Baik,,
1701446020-1266,https://gofood.co.id/en/surabaya/restaurant/mie-gacoan-genteng-f49fb30b-5b97-41b6-b66c-924da5d72fba/reviews,sesuai pesanan,5.0,Mie Iblis lv 4 - Pangsit,Ordered on 6 July 2022,1,Baik,,
1701446020-1267,https://gofood.co.id/en/surabaya/restaurant/mie-gacoan-genteng-f49fb30b-5b97-41b6-b66c-924da5d72fba/reviews,"Pedas doanggg , rasa kurang",3.0,Mie Setan lv 1 - Udang Rambutan - Udang Keju - Sundelbolong - Mie Iblis lv 4 - Mie Iblis lv 0 - Mie Setan lv 3,Ordered on 6 July 2022,0,Buruk,,
1701446020-1268,https://gofood.co.id/en/surabaya/restaurant/mie-gacoan-genteng-f49fb30b-5b97-41b6-b66c-924da5d72fba/reviews,gojek bawa nya gk bener tumpah semua:(,1.0,Mie Iblis lv 3 - Mie Iblis lv 4 - Udang Keju - Genderuwo,Ordered on 6 July 2022,0,Buruk,,
1701446020-1269,https://gofood.co.id/en/surabaya/restaurant/mie-gacoan-genteng-f49fb30b-5b97-41b6-b66c-924da5d72fba/reviews,pokokny enak bett dah awwwww,5.0,Mie Setan lv 8 - Udang Rambutan - Udang Keju,Ordered on 4 July 2022,1,Baik,,
1701446020-1270,https://gofood.co.id/en/surabaya/restaurant/mie-gacoan-genteng-f49fb30b-5b97-41b6-b66c-924da5d72fba/reviews,"Rasanya nagih, bikin pengen terus 👍👍",5.0,Mie Angel - Mie Setan lv 2 - Udang Rambutan - Udang Keju - Lumpia Udang,Ordered on 28 May 2022,1,Baik,,
1701446020-1271,https://gofood.co.id/en/surabaya/restaurant/mie-gacoan-genteng-f49fb30b-5b97-41b6-b66c-924da5d72fba/reviews,selalu the best,5.0,Mie Iblis lv 2 - Mie Iblis lv 1 - Mie Iblis lv 6 - Udang Rambutan,Ordered on 24 May 2022,1,Baik,,
1701446020-1272,https://gofood.co.id/en/surabaya/restaurant/mie-gacoan-genteng-f49fb30b-5b97-41b6-b66c-924da5d72fba/reviews,mantab rekomended.harga terjangkau,5.0,Udang Keju - Mie Iblis lv 4 - Mie Iblis lv 2 - Udang Rambutan - Genderuwo,Ordered on 5 July 2022,1,Baik,,
1701446020-1273,https://gofood.co.id/en/surabaya/restaurant/mie-gacoan-genteng-f49fb30b-5b97-41b6-b66c-924da5d72fba/reviews,maaf pak dari app gojek udah ada biaya uang parkir kok minta lagi,2.0,Mie Iblis lv 2 - Mie Iblis lv 1,Ordered on 3 July 2022,0,Buruk,,
1701446020-1274,https://gofood.co.id/en/surabaya/restaurant/mie-gacoan-genteng-f49fb30b-5b97-41b6-b66c-924da5d72fba/reviews,rasa lumayan enak porsinya juga banyakk,4.0,Mie Setan lv 2 - Mie Iblis lv 2 - Udang Rambutan,Ordered on 1 July 2022,1,Baik,,
1701446020-1275,https://gofood.co.id/en/surabaya/restaurant/mie-gacoan-genteng-f49fb30b-5b97-41b6-b66c-924da5d72fba/reviews,setiap ngasih catatan tidak pernah terpenuhi,4.0,Mie Iblis lv 1 - Siomay,Ordered on 1 July 2022,0,Buruk,,
1701446020-1276,https://gofood.co.id/en/surabaya/restaurant/mie-gacoan-genteng-f49fb30b-5b97-41b6-b66c-924da5d72fba/reviews,porsinya terlalu sedikit,4.0,Mie Iblis lv 0 - Mie Angel - Mie Iblis lv 1,Ordered on 30 June 2022,0,Buruk,,
1701446020-1277,https://gofood.co.id/en/surabaya/restaurant/mie-gacoan-genteng-f49fb30b-5b97-41b6-b66c-924da5d72fba/reviews,level 8 serasa level 1 dikit banget sambel nya,3.0,Mie Setan lv 1 - Mie Iblis lv 2 - Udang Keju - Mie Iblis lv 6,Ordered on 27 June 2022,0,Buruk,,
1701446020-1278,https://gofood.co.id/en/surabaya/restaurant/mie-gacoan-genteng-f49fb30b-5b97-41b6-b66c-924da5d72fba/reviews,Kok di sby pake sterofom ya masih an 🥲,4.0,Mie Iblis lv 0 - Udang Rambutan - Siomay - Mie Angel - Mie Iblis lv 2 - Udang Keju,Ordered on 29 June 2022,0,Buruk,,
1701446020-1279,https://gofood.co.id/en/surabaya/restaurant/mie-gacoan-genteng-f49fb30b-5b97-41b6-b66c-924da5d72fba/reviews,"Kurang mantap mie nya,,kemasannya jgak gak mengesankan,,",3.0,Mie Iblis lv 2 - Udang Keju - Udang Rambutan - Genderuwo,Ordered on 28 June 2022,0,Buruk,,
1701446020-1280,https://gofood.co.id/en/surabaya/restaurant/mie-gacoan-genteng-f49fb30b-5b97-41b6-b66c-924da5d72fba/reviews,enakk bgtt deh lov,5.0,Mie Angel - Genderuwo - Udang Keju - Mie Setan lv 1,Ordered on 27 June 2022,1,Baik,,
1701446020-1281,https://gofood.co.id/en/surabaya/restaurant/mie-gacoan-genteng-f49fb30b-5b97-41b6-b66c-924da5d72fba/reviews,"Sering salah ngasih orderan. Yang dipesen apa, datengnya apa.",2.0,Udang Keju - Mie Setan lv 1 - Lemon Tea,Ordered on 28 June 2022,0,Buruk,,
1701446020-1282,https://gofood.co.id/en/surabaya/restaurant/mie-gacoan-genteng-f49fb30b-5b97-41b6-b66c-924da5d72fba/reviews,Level 2 bikin dowet mulut,5.0,Mie Iblis lv 2 - Udang Rambutan - Mie Iblis lv 0,Ordered on 27 June 2022,1,Baik,,
1701446020-1283,https://gofood.co.id/en/surabaya/restaurant/mie-gacoan-genteng-f49fb30b-5b97-41b6-b66c-924da5d72fba/reviews,mantaaap bangttt the best,1.0,Mie Iblis lv 0,Ordered on 26 June 2022,1,Baik,,
1701446020-1284,https://gofood.co.id/en/surabaya/restaurant/mie-gacoan-genteng-f49fb30b-5b97-41b6-b66c-924da5d72fba/reviews,pesanan sy 3 macam tp di kirim 2 macam,1.0,Udang Keju - Mie Iblis lv 1,Ordered on 26 June 2022,0,Buruk,,
1701446020-1285,https://gofood.co.id/en/surabaya/restaurant/mie-gacoan-genteng-f49fb30b-5b97-41b6-b66c-924da5d72fba/reviews,ayamnya bau busuk,1.0,Mie Iblis lv 1 - Pangsit - Lemon Tea,Ordered on 26 June 2022,0,Buruk,,
1701446020-1286,https://gofood.co.id/en/surabaya/restaurant/mie-gacoan-genteng-f49fb30b-5b97-41b6-b66c-924da5d72fba/reviews,mantapppppppppp,5.0,Mie Iblis lv 2 - Udang Rambutan,Ordered on 26 June 2022,1,Baik,,
1701446020-1287,https://gofood.co.id/en/surabaya/restaurant/mie-gacoan-genteng-f49fb30b-5b97-41b6-b66c-924da5d72fba/reviews,muantaap plg uenak dr yg lain sebangsa permian.,5.0,Mie Iblis lv 3 - Lumpia Udang - Mie Setan lv 3,Ordered on 21 May 2022,1,Baik,,
1701446020-1288,https://gofood.co.id/en/surabaya/restaurant/mie-gacoan-genteng-f49fb30b-5b97-41b6-b66c-924da5d72fba/reviews,"enak mantap, the best bangt dehh",5.0,Mie Iblis lv 1,Ordered on 26 June 2022,1,Baik,,
1701446020-1289,https://gofood.co.id/en/surabaya/restaurant/mie-gacoan-genteng-f49fb30b-5b97-41b6-b66c-924da5d72fba/reviews,enak&mantul....next pesan lgi,5.0,Udang Rambutan - Udang Keju,Ordered on 23 June 2022,1,Baik,,
1701446020-1290,https://gofood.co.id/en/surabaya/restaurant/mie-gacoan-genteng-f49fb30b-5b97-41b6-b66c-924da5d72fba/reviews,pangsit goreng nya banyak...aroma mie nya sedap karena bawang goreng nya jg,5.0,Mie Iblis lv 1 - Mie Angel - Siomay - Udang Rambutan - Udang Keju,Ordered on 25 June 2022,1,Baik,,
1701446020-1291,https://gofood.co.id/en/surabaya/restaurant/mie-gacoan-genteng-f49fb30b-5b97-41b6-b66c-924da5d72fba/reviews,recommended pokok e selalu puassss... pertahankan kualitasnya,5.0,Udang Rambutan - Mie Iblis lv 2 - Mie Iblis lv 1 - Udang Keju - Lumpia Udang - Siomay - Mie Iblis lv 0,Ordered on 29 May 2022,1,Baik,,
1701446020-1292,https://gofood.co.id/en/surabaya/restaurant/mie-gacoan-genteng-f49fb30b-5b97-41b6-b66c-924da5d72fba/reviews,"rasanya gak seperti dulu, bumbunya kurang, anyep, tolong lebih berani bumbu, seperti gacoan di Sidoarjo 👍👍",2.0,Mie Iblis lv 2 - Udang Keju - Mie Setan lv 3 - Pangsit,Ordered on 24 June 2022,0,Buruk,,
1701446020-1293,https://gofood.co.id/en/surabaya/restaurant/mie-gacoan-genteng-f49fb30b-5b97-41b6-b66c-924da5d72fba/reviews,udang kejunya mantabb..!!,5.0,Udang Rambutan - Udang Keju - Lumpia Udang - Mie Setan lv 1 - Mie Iblis lv 3,Ordered on 3 June 2022,1,Baik,,
1701446020-1294,https://gofood.co.id/en/surabaya/restaurant/mie-gacoan-genteng-f49fb30b-5b97-41b6-b66c-924da5d72fba/reviews,oke enak dan ramah,5.0,Udang Rambutan - Mie Iblis lv 1 - Udang Keju - Lumpia Udang - Mie Iblis lv 2,Ordered on 24 June 2022,1,Baik,,
1701446020-1295,https://gofood.co.id/en/surabaya/restaurant/mie-gacoan-genteng-f49fb30b-5b97-41b6-b66c-924da5d72fba/reviews,best ....ga nyesel beli disini,5.0,Mie Iblis lv 2 - Siomay - Lumpia Udang - Mie Iblis lv 1,Ordered on 23 June 2022,1,Baik,,
1701446020-1296,https://gofood.co.id/en/surabaya/restaurant/mie-gacoan-genteng-f49fb30b-5b97-41b6-b66c-924da5d72fba/reviews,ditingkatkan lagi konsistensi mie nya,4.0,Udang Rambutan - Udang Keju - Mie Iblis lv 4 - Siomay - Lumpia Udang,Ordered on 23 June 2022,0,Buruk,,
1701446020-1297,https://gofood.co.id/en/surabaya/restaurant/mie-gacoan-genteng-f49fb30b-5b97-41b6-b66c-924da5d72fba/reviews,pedesnya ga ngotak,5.0,Mie Angel - Mie Iblis lv 1 - Teh - Udang Keju,Ordered on 21 June 2022,1,Baik,,
1701446020-1298,https://gofood.co.id/en/surabaya/restaurant/mie-gacoan-genteng-f49fb30b-5b97-41b6-b66c-924da5d72fba/reviews,"Rasa enak, cuma sayang packing kurang rapi",4.0,Udang Keju - Mie Angel - Mie Setan lv 1 - Mie Iblis lv 4 - Mie Setan lv 2,Ordered on 21 June 2022,1,Baik,,
1701446020-1299,https://gofood.co.id/en/surabaya/restaurant/mie-gacoan-genteng-f49fb30b-5b97-41b6-b66c-924da5d72fba/reviews,murah enak ramah kantong.  mie favorite,5.0,Udang Rambutan - Udang Keju - Mie Setan lv 1 - Mie Angel,Ordered on 20 June 2022,1,Baik,,
1701446020-1300,https://gofood.co.id/en/surabaya/restaurant/mie-gacoan-genteng-f49fb30b-5b97-41b6-b66c-924da5d72fba/reviews,"maaf keterangan nya pesanan sudah d antar mulai jam 9 yg pesan smpai jam 11 gak ada respon dari driver sudah nyampe mana, mungkin d makan sendiri paling  tolong di tingkat kan lagi..",1.0,Mie Iblis lv 4 - Udang Rambutan - Mie Angel,Ordered on 20 June 2022,0,Buruk,,
1701446020-1301,https://gofood.co.id/en/surabaya/restaurant/mie-gacoan-genteng-f49fb30b-5b97-41b6-b66c-924da5d72fba/reviews,siip pas rasa nya,3.0,Mie Setan lv 3 - Mie Iblis lv 6 - Udang Rambutan - Pangsit,Ordered on 20 June 2022,1,Baik,,
1701446020-1302,https://gofood.co.id/en/surabaya/restaurant/mie-gacoan-genteng-f49fb30b-5b97-41b6-b66c-924da5d72fba/reviews,pesen lvl 8 cabe nya ga ada sama sekaliii. ini udh ke 2× nya sya pesen bgni trs. MOHON UNTUK DI TELITI KAK!!!,1.0,Mie Setan lv 8 - Mie Iblis lv 4 - Mie Iblis lv 8 - Udang Keju - Lumpia Udang - Pangsit,Ordered on 19 June 2022,0,Buruk,,
1701446020-1303,https://gofood.co.id/en/surabaya/restaurant/mie-gacoan-genteng-f49fb30b-5b97-41b6-b66c-924da5d72fba/reviews,"mantep as usual. tp klo bisa packagingnya ganti box yg kardus gt dong, biar lebih ramah lingkungan jg. soalnya bbrp gacoan kan udah gt, jd harusnya cabang gacoan lain jg bisa.",5.0,Mie Iblis lv 4 - Siomay - Udang Keju,Ordered on 20 June 2022,1,Baik,,
1701446020-1304,https://gofood.co.id/en/surabaya/restaurant/mie-gacoan-genteng-f49fb30b-5b97-41b6-b66c-924da5d72fba/reviews,setelah sekian lama ngidam akhirnya keturutan 💘,5.0,Udang Rambutan - Udang Keju - Mie Iblis lv 1 - Mie Angel,Ordered on 19 June 2022,1,Baik,,
1701446020-1305,https://gofood.co.id/en/surabaya/restaurant/mie-gacoan-genteng-f49fb30b-5b97-41b6-b66c-924da5d72fba/reviews,salah titik,5.0,Udang Keju - Mie Angel - Mie Iblis lv 3 - Pangsit,Ordered on 19 June 2022,5,Buruk,,
1701446020-1306,https://gofood.co.id/en/surabaya/restaurant/mie-gacoan-genteng-f49fb30b-5b97-41b6-b66c-924da5d72fba/reviews,mantuull jiwaaaa,5.0,Mie Iblis lv 4 - Udang Rambutan - Coklat - Lumpia Udang,Ordered on 19 June 2022,1,Baik,,
1701446020-1307,https://gofood.co.id/en/surabaya/restaurant/mie-gacoan-genteng-f49fb30b-5b97-41b6-b66c-924da5d72fba/reviews,"mantap banget ,,,,",5.0,Mie Setan lv 1 - Siomay,Ordered on 16 May 2022,1,Baik,,
1701446020-1308,https://gofood.co.id/en/surabaya/restaurant/mie-gacoan-genteng-f49fb30b-5b97-41b6-b66c-924da5d72fba/reviews,Oke mantap banget,5.0,Mie Setan lv 3 - Udang Keju,Ordered on 10 May 2022,1,Baik,,
1701446020-1309,https://gofood.co.id/en/surabaya/restaurant/mie-gacoan-genteng-f49fb30b-5b97-41b6-b66c-924da5d72fba/reviews,makanan tidak sampai,1.0,Milo - Teh - Siomay - Mie Iblis lv 2,Ordered on 18 June 2022,0,Buruk,,
1701446020-1310,https://gofood.co.id/en/surabaya/restaurant/mie-gacoan-genteng-f49fb30b-5b97-41b6-b66c-924da5d72fba/reviews,pesen level 8 eh yg dtg level 2,2.0,Mie Iblis lv 8 - Mie Iblis lv 1 - Pangsit,Ordered on 13 June 2022,0,Buruk,,
1701446020-1311,https://gofood.co.id/en/surabaya/restaurant/mie-gacoan-genteng-f49fb30b-5b97-41b6-b66c-924da5d72fba/reviews,tetap pertahankan rasanya ya🙂,4.0,Mie Iblis lv 3 - Mie Iblis lv 4 - Mie Iblis lv 0 - Udang Keju - Udang Rambutan,Ordered on 14 May 2022,1,Baik,,
1701446020-1312,https://gofood.co.id/en/surabaya/restaurant/mie-gacoan-genteng-f49fb30b-5b97-41b6-b66c-924da5d72fba/reviews,"terima kasih, enak",5.0,Mie Iblis lv 0 - Mie Iblis lv 6 - Siomay - Udang Keju,Ordered on 16 June 2022,1,Baik,,
1701446020-1313,https://gofood.co.id/en/surabaya/restaurant/mie-gacoan-genteng-f49fb30b-5b97-41b6-b66c-924da5d72fba/reviews,"aku pesen 14 tapi yang datang cm 12, kurang 2 gelas lg...",3.0,Thai Green Tea,Ordered on 17 June 2022,0,Buruk,,
1701446020-1314,https://gofood.co.id/en/surabaya/restaurant/mie-gacoan-genteng-f49fb30b-5b97-41b6-b66c-924da5d72fba/reviews,Terima kasih banyak ‎جَزَاكَ اللَّهُ خَيْرًا  Semoga Allah membalasmu dengan kebaikan,3.0,Mie Setan lv 4 - Udang Keju,Ordered on 16 June 2022,1,Baik,,
1701446020-1315,https://gofood.co.id/en/surabaya/restaurant/mie-gacoan-genteng-f49fb30b-5b97-41b6-b66c-924da5d72fba/reviews,"satu kata aja ""enak""",5.0,Udang Keju - Udang Rambutan - Mie Iblis lv 1 - Mie Angel - Lumpia Udang - Pangsit - Mie Iblis lv 0,Ordered on 16 June 2022,1,Baik,,
1701446020-1316,https://gofood.co.id/en/surabaya/restaurant/mie-gacoan-genteng-f49fb30b-5b97-41b6-b66c-924da5d72fba/reviews,baru level 3 udah pedes banget ancrit😅🤔👆😅😅👆🧐😑😱🤔😭😃😜😃🤪👎👎🙏🏼👍👍👍😑🤔😱😱😱🤔🥴🤨😱😱😜👍👍😡😡,5.0,Mie Setan lv 3,Ordered on 15 June 2022,1,Baik,,
1701446020-1317,https://gofood.co.id/en/surabaya/restaurant/mie-gacoan-genteng-f49fb30b-5b97-41b6-b66c-924da5d72fba/reviews,"sambalnya gak sesuai, pesen level 4 tp kurang pedas",5.0,Mie Iblis lv 3 - Mie Iblis lv 4 - Udang Keju,Ordered on 5 June 2022,0,Buruk,,
1701446020-1318,https://gofood.co.id/en/surabaya/restaurant/mie-gacoan-genteng-f49fb30b-5b97-41b6-b66c-924da5d72fba/reviews,"Paling enak sih menurutku dari mie yg laennya, udh langganan jg....terima kasih, Gak pernah kecewa dengan porsi dan rasanya 😘😘😘",5.0,Mie Angel - Mie Iblis lv 4 - Pangsit - Mie Iblis lv 0,Ordered on 14 June 2022,1,Baik,,
1701446020-1319,https://gofood.co.id/en/surabaya/restaurant/mie-gacoan-genteng-f49fb30b-5b97-41b6-b66c-924da5d72fba/reviews,"Kemaren sempet salah kasih makanan yang diorder, order level 1 tapi yang dateng kayak level 5 (pedes banget dan kurang coklat warnanya)",4.0,Mie Iblis lv 1,Ordered on 13 June 2022,0,Buruk,,
1701446020-1320,https://gofood.co.id/en/surabaya/restaurant/mie-gacoan-genteng-f49fb30b-5b97-41b6-b66c-924da5d72fba/reviews,"pas hangat, mantap 👌",5.0,Mie Iblis lv 2 - Udang Rambutan - Lumpia Udang,Ordered on 13 June 2022,1,Baik,,
1701446020-1321,https://gofood.co.id/en/surabaya/restaurant/mie-gacoan-genteng-f49fb30b-5b97-41b6-b66c-924da5d72fba/reviews,Pesen 12 pcs yg datang cuma 11  biarpun outlet rame tapi ya harus di cek laa broo  gini ini merugikan pembeli,1.0,Mie Setan lv 1 - Udang Keju - Udang Rambutan - Mie Iblis lv 2 - Mie Iblis lv 3 - Mie Iblis lv 1 - Lumpia Udang,Ordered on 13 June 2022,0,Buruk,,
1701446020-1322,https://gofood.co.id/en/surabaya/restaurant/mie-gacoan-genteng-f49fb30b-5b97-41b6-b66c-924da5d72fba/reviews,pertahankan kualitas,5.0,Mie Iblis lv 3 - Udang Rambutan,Ordered on 13 June 2022,1,Baik,,
1701446020-1323,https://gofood.co.id/en/surabaya/restaurant/mie-gacoan-genteng-f49fb30b-5b97-41b6-b66c-924da5d72fba/reviews,pas pesan salah terus seh,5.0,Mie Iblis lv 1 - Siomay - Mie Iblis lv 0,Ordered on 10 June 2022,0,Buruk,,
1701446020-1324,https://gofood.co.id/en/surabaya/restaurant/mie-gacoan-genteng-f49fb30b-5b97-41b6-b66c-924da5d72fba/reviews,Terimakasih chef🥰,5.0,Mie Iblis lv 3 - Siomay - Lumpia Udang - Udang Keju,Ordered on 12 June 2022,1,Baik,,
1701446020-1325,https://gofood.co.id/en/surabaya/restaurant/mie-gacoan-genteng-f49fb30b-5b97-41b6-b66c-924da5d72fba/reviews,enak banget boleh untuk dicoba mantap👍,5.0,Udang Rambutan - Mie Iblis lv 2 - Mie Iblis lv 4,Ordered on 12 June 2022,1,Baik,,
1701446020-1326,https://gofood.co.id/en/surabaya/restaurant/mie-gacoan-genteng-f49fb30b-5b97-41b6-b66c-924da5d72fba/reviews,"enak, porsi banyak, kemasan bagus",5.0,Mie Iblis lv 0 - Mie Iblis lv 3 - Lumpia Udang - Siomay,Ordered on 8 May 2022,1,Baik,,
1701446020-1327,https://gofood.co.id/en/surabaya/restaurant/mie-gacoan-genteng-f49fb30b-5b97-41b6-b66c-924da5d72fba/reviews,ok ok ok ok ok ok ok,5.0,Mie Iblis lv 4 - Udang Keju - Teh,Ordered on 6 June 2022,1,Baik,,
1701446020-1328,https://gofood.co.id/en/surabaya/restaurant/mie-gacoan-genteng-f49fb30b-5b97-41b6-b66c-924da5d72fba/reviews,terlalu lama proses memasak nya dan hampir 1jam sampe drumah..,2.0,Mie Iblis lv 6 - Mie Iblis lv 0 - Udang Keju,Ordered on 11 June 2022,0,Buruk,,
1701446020-1329,https://gofood.co.id/en/surabaya/restaurant/mie-gacoan-genteng-f49fb30b-5b97-41b6-b66c-924da5d72fba/reviews,"kemarin aku sempet order 2 kali. pertama lv 6 itu cabenya banyak banget ga kayak biasanya, terus besoknya order lagi lv 3 masih banyak juga cabenya ga kayak biasa. jadi sekarang order level 2 deh takut kepedesan :)",5.0,Mie Iblis lv 2 - Milo,Ordered on 11 June 2022,0,Buruk,,
1701446020-1330,https://gofood.co.id/en/surabaya/restaurant/mie-gacoan-genteng-f49fb30b-5b97-41b6-b66c-924da5d72fba/reviews,nyam yummy enak delicious,5.0,Mie Iblis lv 1 - Udang Keju - Mie Setan lv 3 - Lumpia Udang,Ordered on 7 May 2022,1,Baik,,
1701446020-1331,https://gofood.co.id/en/surabaya/restaurant/mie-gacoan-genteng-f49fb30b-5b97-41b6-b66c-924da5d72fba/reviews,"hari ini mienya hambar banget 😭 pen nangis, padahal kemarin beli enak banget, udah gitu mienya terlalu matang dan lembek ga kayak biasanya 😭 semoga next ga gini lagi",3.0,Mie Angel - Lemon Tea - Teh - Siomay,Ordered on 10 June 2022,0,Buruk,,
1701446020-1332,https://gofood.co.id/en/surabaya/restaurant/mie-gacoan-genteng-f49fb30b-5b97-41b6-b66c-924da5d72fba/reviews,selalu gadapet saos dimsum,4.0,Mie Iblis lv 3 - Mie Setan lv 1 - Udang Rambutan,Ordered on 7 June 2022,0,Buruk,,
1701446020-1333,https://gofood.co.id/en/surabaya/restaurant/mie-gacoan-genteng-f49fb30b-5b97-41b6-b66c-924da5d72fba/reviews,rasanya enak dan porsinya pas. pedasnya mantul. makanan masih hangat. ya walau packing ya agak berantakan sih. secara keseluruhan oke lah.,5.0,Mie Iblis lv 2 - Mie Iblis lv 1 - Mie Setan lv 1,Ordered on 9 June 2022,1,Baik,,
1701446020-1334,https://gofood.co.id/en/surabaya/restaurant/mie-gacoan-genteng-f49fb30b-5b97-41b6-b66c-924da5d72fba/reviews,"mantap dan enak,walaupun porsimyakecil",5.0,Udang Keju,Ordered on 9 June 2022,1,Baik,,
1701446020-1335,https://gofood.co.id/en/surabaya/restaurant/mie-gacoan-genteng-f49fb30b-5b97-41b6-b66c-924da5d72fba/reviews,"untuk orang pecinta asin pasti suka, soalnya yg aku pesen keasinan",4.0,Mie Setan lv 3 - Lumpia Udang - Genderuwo - Mie Angel,Ordered on 7 June 2022,0,Buruk,,
1701446020-1336,https://gofood.co.id/en/surabaya/restaurant/mie-gacoan-genteng-f49fb30b-5b97-41b6-b66c-924da5d72fba/reviews,supaya dpertahakan,5.0,Mie Iblis lv 4 - Udang Rambutan,Ordered on 7 June 2022,1,Baik,,
1701446020-1337,https://gofood.co.id/en/surabaya/restaurant/mie-gacoan-genteng-f49fb30b-5b97-41b6-b66c-924da5d72fba/reviews,"sambelnya bukan main, asli sesuai level, kalo di cabang lain kadang meskipun pesennya level 8 tapi gak pedes masih.an, kalo di cabang sini asli pedesnya gak bohong..",5.0,Udang Rambutan - Mie Iblis lv 4 - Mie Iblis lv 8,Ordered on 16 May 2022,1,Baik,,
1701446020-1338,https://gofood.co.id/en/surabaya/restaurant/mie-gacoan-genteng-f49fb30b-5b97-41b6-b66c-924da5d72fba/reviews,semoga lain kali ada free ongkirnya xixi tpi ttep dikantong ko harganya,5.0,Mie Setan lv 2 - Mie Iblis lv 4 - Mie Iblis lv 3 - Udang Rambutan - Udang Keju - Lumpia Udang,Ordered on 8 June 2022,1,Baik,,
1701446020-1339,https://gofood.co.id/en/surabaya/restaurant/mie-gacoan-genteng-f49fb30b-5b97-41b6-b66c-924da5d72fba/reviews,hahnalakabkaajabakaksnnsmsmams,3.0,Mie Iblis lv 3 - Mie Iblis lv 4 - Siomay,Ordered on 2 June 2022,5,Buruk,,
1701446020-1340,https://gofood.co.id/en/surabaya/restaurant/mie-gacoan-genteng-f49fb30b-5b97-41b6-b66c-924da5d72fba/reviews,"enak seperti biasa, saran sedikit kalau campur mie dan bumbu yang rata yaa",3.0,Udang Keju - Mie Iblis lv 2,Ordered on 2 June 2022,0,Buruk,,
1701446020-1341,https://gofood.co.id/en/surabaya/restaurant/mie-gacoan-genteng-f49fb30b-5b97-41b6-b66c-924da5d72fba/reviews,mancing mania mantap wkwk,5.0,Mie Iblis lv 8 - Siomay - Udang Keju,Ordered on 6 June 2022,1,Baik,,
1701446020-1342,https://gofood.co.id/en/surabaya/restaurant/mie-gacoan-genteng-f49fb30b-5b97-41b6-b66c-924da5d72fba/reviews,"taburan ayam nya tidak ada, kerupuk pangsit dan siomay gorengan nya beda dari biasanya, bumbunya juga kurang kerasa beda dari biasanya",2.0,Mie Setan lv 4 - Udang Keju - Thai Tea Ori - Teh Tarik - Mie Iblis lv 2,Ordered on 6 June 2022,0,Buruk,,
1701446020-1343,https://gofood.co.id/en/surabaya/restaurant/mie-gacoan-genteng-f49fb30b-5b97-41b6-b66c-924da5d72fba/reviews,terimakasih sangat endul makuliti enakz,5.0,Mie Iblis lv 2 - Mie Iblis lv 1 - Thai Green Tea,Ordered on 5 June 2022,1,Baik,,
1701446020-1344,https://gofood.co.id/en/surabaya/restaurant/mie-gacoan-genteng-f49fb30b-5b97-41b6-b66c-924da5d72fba/reviews,"utk mienya terlalu matang, lupa bilang klo mienya setengah matang aja. so far enak & sesuai ekspektasi",4.0,Mie Iblis lv 2 - Udang Rambutan - Thai Tea Ori,Ordered on 5 June 2022,0,Buruk,,
1701446020-1345,https://gofood.co.id/en/surabaya/restaurant/mie-gacoan-genteng-f49fb30b-5b97-41b6-b66c-924da5d72fba/reviews,tadi gak ada kripiknya yg kecil2 tlng di tingkatkan lg jgn keburu2,3.0,Mie Iblis lv 2,Ordered on 5 June 2022,0,Buruk,,
1701446020-1346,https://gofood.co.id/en/surabaya/restaurant/mie-gacoan-genteng-f49fb30b-5b97-41b6-b66c-924da5d72fba/reviews,Salah pesanan mbak e🥹,5.0,Mie Iblis lv 1 - Udang Rambutan - Mie Iblis lv 0 - Udang Keju,Ordered on 5 June 2022,0,Buruk,,
1701446020-1347,https://gofood.co.id/en/surabaya/restaurant/mie-gacoan-genteng-f49fb30b-5b97-41b6-b66c-924da5d72fba/reviews,"gaada rasanya ,",5.0,Mie Iblis lv 0 - Udang Rambutan,Ordered on 31 May 2022,0,Buruk,,
1701446020-1348,https://gofood.co.id/en/surabaya/restaurant/mie-gacoan-genteng-f49fb30b-5b97-41b6-b66c-924da5d72fba/reviews,packing nya acak2an,2.0,Mie Iblis lv 2 - Udang Keju - Mie Setan lv 2 - Thai Green Tea,Ordered on 3 June 2022,0,Buruk,,
1701446020-1349,https://gofood.co.id/en/surabaya/restaurant/mie-gacoan-genteng-f49fb30b-5b97-41b6-b66c-924da5d72fba/reviews,rasa udang keju sedkiti aneh,4.0,Udang Keju - Mie Iblis lv 3,Ordered on 3 June 2022,0,Buruk,,
1701446020-1350,https://gofood.co.id/en/surabaya/restaurant/mie-gacoan-genteng-f49fb30b-5b97-41b6-b66c-924da5d72fba/reviews,Mie nya beda aneh aja,3.0,Mie Iblis lv 1 - Mie Iblis lv 3 - Genderuwo - Siomay - Lumpia Udang,Ordered on 2 June 2022,0,Buruk,,
1701446020-1351,https://gofood.co.id/en/surabaya/restaurant/mie-gacoan-genteng-f49fb30b-5b97-41b6-b66c-924da5d72fba/reviews,"tidak teliti, pesen level 8 malah dapet yang ga pakek cabe kecewa banget",1.0,Mie Iblis lv 8 - Udang Keju - Mie Setan lv 3 - Siomay - Udang Rambutan,Ordered on 3 June 2022,0,Buruk,,
1701446020-1352,https://gofood.co.id/en/surabaya/restaurant/mie-gacoan-genteng-f49fb30b-5b97-41b6-b66c-924da5d72fba/reviews,ueeenaakkk poll,5.0,Mie Iblis lv 1 - Mie Setan lv 8,Ordered on 1 June 2022,1,Baik,,
1701446020-1353,https://gofood.co.id/en/surabaya/restaurant/mie-gacoan-genteng-f49fb30b-5b97-41b6-b66c-924da5d72fba/reviews,"enak, hanya beda kotak nya saja",3.0,Mie Iblis lv 2,Ordered on 31 May 2022,1,Baik,,
1701446020-1354,https://gofood.co.id/en/surabaya/restaurant/mie-gacoan-genteng-f49fb30b-5b97-41b6-b66c-924da5d72fba/reviews,"Perbanyak agy untuk promo"" nya,,karna sudah jatuh cinta sama Mie Gacoan",5.0,Mie Iblis lv 2 - Udang Rambutan - Lumpia Udang - Siomay,Ordered on 3 June 2022,1,Baik,,
1701446020-1355,https://gofood.co.id/en/surabaya/restaurant/mie-gacoan-genteng-f49fb30b-5b97-41b6-b66c-924da5d72fba/reviews,sangat baik sekali,5.0,Udang Keju - Siomay,Ordered on 3 June 2022,1,Baik,,
1701446020-1356,https://gofood.co.id/en/surabaya/restaurant/mie-gacoan-genteng-f49fb30b-5b97-41b6-b66c-924da5d72fba/reviews,"terlalu asin maaf ya kak, di sterofoamnya banyak bekas bumbu. padahal tidak tumpah.untuk porsinya pas.",3.0,Udang Rambutan - Mie Angel,Ordered on 2 June 2022,0,Buruk,,
1701446020-1357,https://gofood.co.id/en/surabaya/restaurant/mie-gacoan-genteng-f49fb30b-5b97-41b6-b66c-924da5d72fba/reviews,biasanya kripik goreng nya ad 2. tapi kok cuma 1 skrg.,4.0,Mie Iblis lv 1 - Udang Keju,Ordered on 31 May 2022,0,Buruk,,
1701446020-1358,https://gofood.co.id/en/surabaya/restaurant/mie-gacoan-genteng-f49fb30b-5b97-41b6-b66c-924da5d72fba/reviews,Akhirnya levelnya sesuai sama yg dipesan hehe,5.0,Mie Iblis lv 4 - Mie Iblis lv 6,Ordered on 2 June 2022,1,Baik,,
1701446020-1359,https://gofood.co.id/en/surabaya/restaurant/mie-gacoan-genteng-f49fb30b-5b97-41b6-b66c-924da5d72fba/reviews,secinteee ituuu dah😅,5.0,Mie Iblis lv 1 - Coklat - Mie Iblis lv 2,Ordered on 2 June 2022,1,Baik,,
1701446020-1360,https://gofood.co.id/en/surabaya/restaurant/mie-gacoan-genteng-f49fb30b-5b97-41b6-b66c-924da5d72fba/reviews,terimakasih cfef,5.0,Udang Keju - Mie Setan lv 1 - Udang Rambutan,Ordered on 2 June 2022,1,Baik,,
1701446020-1361,https://gofood.co.id/en/surabaya/restaurant/mie-gacoan-genteng-f49fb30b-5b97-41b6-b66c-924da5d72fba/reviews,porsi nya bnyak puas bngt pedes nya nampol,5.0,Mie Iblis lv 0 - Mie Iblis lv 8,Ordered on 31 May 2022,1,Baik,,
1701446020-1362,https://gofood.co.id/en/surabaya/restaurant/mie-gacoan-genteng-f49fb30b-5b97-41b6-b66c-924da5d72fba/reviews,"rasanya enak, thx",5.0,Mie Iblis lv 1 - Mie Setan lv 1 - Siomay - Udang Rambutan,Ordered on 27 May 2022,1,Baik,,
1701446020-1363,https://gofood.co.id/en/surabaya/restaurant/mie-gacoan-genteng-f49fb30b-5b97-41b6-b66c-924da5d72fba/reviews,porsinya kurang banyak,4.0,Mie Iblis lv 0 - Siomay,Ordered on 31 May 2022,0,Buruk,,
1701446020-1364,https://gofood.co.id/en/surabaya/restaurant/mie-gacoan-genteng-f49fb30b-5b97-41b6-b66c-924da5d72fba/reviews,gacoan masih menjadi yg terfav bagiku..🥰🥰,5.0,Mie Iblis lv 4 - Udang Keju - Pangsit,Ordered on 29 May 2022,1,Baik,,
1701446020-1365,https://gofood.co.id/en/surabaya/restaurant/mie-gacoan-genteng-f49fb30b-5b97-41b6-b66c-924da5d72fba/reviews,hrga kaki lima rasa bintang 6. puas,5.0,Mie Iblis lv 0 - Mie Iblis lv 2 - Mie Setan lv 2,Ordered on 31 May 2022,1,Baik,,
1701446020-1366,https://gofood.co.id/en/surabaya/restaurant/mie-gacoan-genteng-f49fb30b-5b97-41b6-b66c-924da5d72fba/reviews,"penamaan Lombok nya yang bener tolong ya, jangan Sampek salah kasian yang nggak doyan pedes ,😭",1.0,Mie Iblis lv 1 - Mie Iblis lv 0 - Mie Iblis lv 2 - Mie Iblis lv 3,Ordered on 31 May 2022,0,Buruk,,
1701446020-1367,https://gofood.co.id/en/surabaya/restaurant/mie-gacoan-genteng-f49fb30b-5b97-41b6-b66c-924da5d72fba/reviews,kadang level 4 pedes kadang enggak..kalok bisa ya gimana biar enak level 4nya,4.0,Udang Keju - Mie Setan lv 4 - Mie Iblis lv 4,Ordered on 31 May 2022,0,Buruk,,
1701446020-1368,https://gofood.co.id/en/surabaya/restaurant/mie-gacoan-genteng-f49fb30b-5b97-41b6-b66c-924da5d72fba/reviews,Terlalu lembek,3.0,Ceker - Mie Iblis lv 3 - Genderuwo,Ordered on 30 May 2022,0,Buruk,,
1701446020-1369,https://gofood.co.id/en/surabaya/restaurant/mie-gacoan-genteng-f49fb30b-5b97-41b6-b66c-924da5d72fba/reviews,biasanya enakk sip. tp kali ini uasiinnn kakk,3.0,Mie Iblis lv 1 - Udang Keju - Udang Rambutan - Mie Iblis lv 0,Ordered on 31 May 2022,0,Buruk,,
1701446020-1370,https://gofood.co.id/en/surabaya/restaurant/mie-gacoan-genteng-f49fb30b-5b97-41b6-b66c-924da5d72fba/reviews,packing kurang sip,3.0,Mie Iblis lv 1 - Udang Keju - Lumpia Udang,Ordered on 31 May 2022,0,Buruk,,
1701446020-1371,https://gofood.co.id/en/surabaya/restaurant/mie-gacoan-genteng-f49fb30b-5b97-41b6-b66c-924da5d72fba/reviews,Peeeh Muantepp pol Udang Kejunya Gakada Duanya,5.0,Udang Rambutan - Udang Keju - Mie Iblis lv 1 - Mie Setan lv 1 - Lumpia Udang,Ordered on 30 May 2022,1,Baik,,
1701446020-1372,https://gofood.co.id/en/surabaya/restaurant/mie-gacoan-genteng-f49fb30b-5b97-41b6-b66c-924da5d72fba/reviews,mantap bangettt,4.0,Siomay - Mie Angel - Mie Setan lv 2,Ordered on 30 May 2022,1,Baik,,
1701446020-1373,https://gofood.co.id/en/surabaya/restaurant/mie-gacoan-genteng-f49fb30b-5b97-41b6-b66c-924da5d72fba/reviews,harus sabar nunggu kalo pesan disini,5.0,Mie Iblis lv 2 - Mie Iblis lv 1 - Udang Keju - Siomay,Ordered on 30 May 2022,0,Buruk,,
1701446020-1374,https://gofood.co.id/en/surabaya/restaurant/mie-gacoan-genteng-f49fb30b-5b97-41b6-b66c-924da5d72fba/reviews,"enakk sudah langganan, cuma lupa saos untuk udangnya",5.0,Mie Iblis lv 6 - Udang Keju,Ordered on 26 April 2022,0,Buruk,,
1701446020-1375,https://gofood.co.id/en/surabaya/restaurant/mie-gacoan-genteng-f49fb30b-5b97-41b6-b66c-924da5d72fba/reviews,"ga ada duanya emang ni resto, harga segitu dapetnya kaya beli makanan harga 25ribuan lebih 🤣 enak murah, top dah",5.0,Mie Iblis lv 2 - Udang Rambutan - Mie Iblis lv 1 - Lumpia Udang,Ordered on 26 May 2022,1,Baik,,
1701446020-1376,https://gofood.co.id/en/surabaya/restaurant/mie-gacoan-genteng-f49fb30b-5b97-41b6-b66c-924da5d72fba/reviews,ada biaya bungkus maska pakai sterofon doang tanpa apa apa buat yang beda kayak resto resto buat tau bedany 😂,3.0,Mie Iblis lv 0 - Mie Iblis lv 1 - Mie Iblis lv 3 - Lumpia Udang,Ordered on 27 May 2022,0,Buruk,,
1701446020-1377,https://gofood.co.id/en/surabaya/restaurant/mie-gacoan-genteng-f49fb30b-5b97-41b6-b66c-924da5d72fba/reviews,semoga tambah laris semakin sukses.,5.0,Mie Iblis lv 0 - Mie Iblis lv 2 - Udang Rambutan - Udang Keju - Pangsit,Ordered on 27 May 2022,1,Baik,,
1701446020-1378,https://gofood.co.id/en/surabaya/restaurant/mie-gacoan-genteng-f49fb30b-5b97-41b6-b66c-924da5d72fba/reviews,sip mantap dan enak,5.0,Mie Angel - Mie Setan lv 1 - Udang Rambutan,Ordered on 27 May 2022,1,Baik,,
1701446020-1379,https://gofood.co.id/en/surabaya/restaurant/mie-gacoan-genteng-f49fb30b-5b97-41b6-b66c-924da5d72fba/reviews,level 0 skrg masih ttp pedessss,5.0,Mie Iblis lv 0 - Mie Iblis lv 1 - Udang Keju - Mie Angel,Ordered on 26 May 2022,0,Buruk,,
1701446020-1380,https://gofood.co.id/en/surabaya/restaurant/mie-gacoan-genteng-f49fb30b-5b97-41b6-b66c-924da5d72fba/reviews,ada pedesnya.pesennya gak pedes,4.0,Mie Angel - Mie Iblis lv 0,Ordered on 26 May 2022,0,Buruk,,
1701446020-1381,https://gofood.co.id/en/surabaya/restaurant/mie-gacoan-genteng-f49fb30b-5b97-41b6-b66c-924da5d72fba/reviews,level 2 aja menurut sya udah pedes banget,4.0,Mie Iblis lv 2 - Mie Iblis lv 0 - Milo,Ordered on 26 April 2022,1,Baik,,
1701446020-1382,https://gofood.co.id/en/surabaya/restaurant/mie-gacoan-genteng-f49fb30b-5b97-41b6-b66c-924da5d72fba/reviews,pedasssnya nampol,5.0,Mie Setan lv 4 - Mie Setan lv 3 - Mie Iblis lv 4 - Udang Keju - Siomay - Pangsit,Ordered on 25 May 2022,1,Baik,,
1701446020-1383,https://gofood.co.id/en/surabaya/restaurant/mie-gacoan-genteng-f49fb30b-5b97-41b6-b66c-924da5d72fba/reviews,makanan dan minuman selalu enak dan fresh,5.0,Mie Iblis lv 1 - Mie Setan lv 8 - Udang Keju - Udang Rambutan - Teh Tarik,Ordered on 25 May 2022,1,Baik,,
1701446020-1384,https://gofood.co.id/en/surabaya/restaurant/mie-gacoan-genteng-f49fb30b-5b97-41b6-b66c-924da5d72fba/reviews,keripik isi ayam nya rasa nya basi. mie nya gk enak gak ada rasa bumbu nya,3.0,Mie Angel - Mie Setan lv 8,Ordered on 24 May 2022,0,Buruk,,
1701446020-1385,https://gofood.co.id/en/surabaya/restaurant/mie-gacoan-genteng-f49fb30b-5b97-41b6-b66c-924da5d72fba/reviews,Dimsum nya (udang keju dan lumpia udang) ga dapet saus,3.0,Udang Keju - Mie Iblis lv 6 - Lumpia Udang,Ordered on 25 May 2022,0,Buruk,,
1701446020-1386,https://gofood.co.id/en/surabaya/restaurant/mie-gacoan-genteng-f49fb30b-5b97-41b6-b66c-924da5d72fba/reviews,tadi pesen level 1 tapi cabe nya buanyak,4.0,Mie Iblis lv 3 - Mie Iblis lv 2 - Mie Iblis lv 1,Ordered on 24 May 2022,0,Buruk,,
1701446020-1387,https://gofood.co.id/en/surabaya/restaurant/mie-gacoan-genteng-f49fb30b-5b97-41b6-b66c-924da5d72fba/reviews,"Ada sedikit saus yang tumpah di tas, entah itu dari supir, atau karena kesalahan di restoran",4.0,Mie Angel - Mie Iblis lv 1 - Mie Setan lv 4 - Pangsit,Ordered on 22 May 2022,0,Buruk,,
1701446020-1388,https://gofood.co.id/en/surabaya/restaurant/mie-gacoan-genteng-f49fb30b-5b97-41b6-b66c-924da5d72fba/reviews,"saya pesan level 8, tetapi gak ada sambelnya....kelupaan mungkin ya😭",4.0,Mie Angel - Mie Iblis lv 8 - Udang Keju - Udang Rambutan,Ordered on 24 May 2022,0,Buruk,,
1701446020-1389,https://gofood.co.id/en/surabaya/restaurant/mie-gacoan-genteng-f49fb30b-5b97-41b6-b66c-924da5d72fba/reviews,"Rasa pangsitnya gak kayak biasanya,semuanya basi",3.0,Mie Iblis lv 4 - Mie Iblis lv 3 - Mie Iblis lv 0 - Lumpia Udang - Mie Iblis lv 1,Ordered on 24 May 2022,0,Buruk,,
1701446020-1390,https://gofood.co.id/en/surabaya/restaurant/mie-gacoan-genteng-f49fb30b-5b97-41b6-b66c-924da5d72fba/reviews,supaya dipertahankan,5.0,Mie Iblis lv 4 - Mie Setan lv 4 - Pangsit - Udang Rambutan,Ordered on 24 May 2022,1,Baik,,
1701446020-1391,https://gofood.co.id/en/surabaya/restaurant/mie-gacoan-genteng-f49fb30b-5b97-41b6-b66c-924da5d72fba/reviews,"rasanya kurang enak bagi saya pribadi b aja, tp nunggunya lama",3.0,Udang Rambutan - Mie Angel - Mie Setan lv 2 - Mie Iblis lv 3,Ordered on 23 May 2022,0,Buruk,,
1701446020-1392,https://gofood.co.id/en/surabaya/restaurant/mie-gacoan-genteng-f49fb30b-5b97-41b6-b66c-924da5d72fba/reviews,bumbu nya kurang merata,4.0,Udang Keju - Mie Iblis lv 3 - Siomay,Ordered on 23 May 2022,0,Buruk,,
1701446020-1393,https://gofood.co.id/en/surabaya/restaurant/mie-gacoan-genteng-f49fb30b-5b97-41b6-b66c-924da5d72fba/reviews,Bumbu nya kurang,4.0,Mie Iblis lv 2 - Udang Rambutan - Udang Keju - Lumpia Udang - Sundelbolong,Ordered on 23 May 2022,0,Buruk,,
1701446020-1394,https://gofood.co.id/en/surabaya/restaurant/mie-gacoan-genteng-f49fb30b-5b97-41b6-b66c-924da5d72fba/reviews,Alhamdulillah tabarakallah... soal rasa dan kurir 👍👍👍👍👍,5.0,Mie Iblis lv 4 - Lumpia Udang - Udang Keju - Udang Rambutan,Ordered on 19 May 2022,1,Baik,,
1701446020-1395,https://gofood.co.id/en/surabaya/restaurant/mie-gacoan-genteng-f49fb30b-5b97-41b6-b66c-924da5d72fba/reviews,ENAK BNGT SELALU JDI LANGGANAN 💗💗,5.0,Mie Setan lv 3,Ordered on 17 May 2022,1,Baik,,
1701446020-1396,https://gofood.co.id/en/surabaya/restaurant/mie-gacoan-genteng-f49fb30b-5b97-41b6-b66c-924da5d72fba/reviews,enak murah meriah,5.0,Mie Iblis lv 0 - Udang Keju - Udang Rambutan - Mie Iblis lv 3,Ordered on 21 May 2022,1,Baik,,
1701446020-1397,https://gofood.co.id/en/surabaya/restaurant/mie-gacoan-genteng-f49fb30b-5b97-41b6-b66c-924da5d72fba/reviews,udang rambutannya Asin Banget,3.0,Mie Iblis lv 1 - Mie Setan lv 3 - Udang Rambutan,Ordered on 21 May 2022,0,Buruk,,
1701446020-1398,https://gofood.co.id/en/surabaya/restaurant/mie-gacoan-genteng-f49fb30b-5b97-41b6-b66c-924da5d72fba/reviews,enak bangettt jadi pengen lagi deehh❤,5.0,Mie Iblis lv 0 - Genderuwo,Ordered on 21 May 2022,1,Baik,,
1701446020-1399,https://gofood.co.id/en/surabaya/restaurant/mie-gacoan-genteng-f49fb30b-5b97-41b6-b66c-924da5d72fba/reviews,porsinya makin dikit ..,4.0,Mie Iblis lv 1 - Mie Iblis lv 0 - Mie Iblis lv 4,Ordered on 17 May 2022,0,Buruk,,
1701446020-1400,https://gofood.co.id/en/surabaya/restaurant/mie-gacoan-genteng-f49fb30b-5b97-41b6-b66c-924da5d72fba/reviews,"untuk rasa kadang pas kadang hambar, kali ini aku dapet mie dan pangitnya hambar banget, mie nya cuman kerasa sambalnya aja. terakhir beli rasa enak banget pas dimulut, tapi makasiiiii banyakk",4.0,Udang Keju - Mie Setan lv 1,Ordered on 21 May 2022,0,Buruk,,
1701446020-1401,https://gofood.co.id/en/surabaya/restaurant/mie-gacoan-genteng-f49fb30b-5b97-41b6-b66c-924da5d72fba/reviews,enak rasanyaaaa,5.0,Mie Iblis lv 1 - Mie Iblis lv 2 - Udang Rambutan - Pangsit - Lumpia Udang,Ordered on 20 May 2022,1,Baik,,
1701446020-1402,https://gofood.co.id/en/surabaya/restaurant/mie-gacoan-genteng-f49fb30b-5b97-41b6-b66c-924da5d72fba/reviews,gak diragukan mah kalo mie gacoan,5.0,Udang Rambutan - Mie Iblis lv 3,Ordered on 20 May 2022,1,Baik,,
1701446020-1403,https://gofood.co.id/en/surabaya/restaurant/mie-gacoan-genteng-f49fb30b-5b97-41b6-b66c-924da5d72fba/reviews,Terima kasih banyak,5.0,Mie Setan lv 4 - Mie Angel - Sundelbolong,Ordered on 20 May 2022,1,Baik,,
1701446020-1404,https://gofood.co.id/en/surabaya/restaurant/mie-gacoan-genteng-f49fb30b-5b97-41b6-b66c-924da5d72fba/reviews,Kemasan lebih bagus lagi,4.0,Udang Rambutan - Udang Keju - Mie Iblis lv 0 - Mie Iblis lv 2 - Lumpia Udang - Pocong,Ordered on 20 May 2022,0,Buruk,,
1701446020-1405,https://gofood.co.id/en/surabaya/restaurant/mie-gacoan-genteng-f49fb30b-5b97-41b6-b66c-924da5d72fba/reviews,"love deh,rasanya selalu bikin nagih",5.0,Mie Iblis lv 2 - Mie Iblis lv 3 - Udang Rambutan - Udang Keju,Ordered on 19 May 2022,1,Baik,,
1701446020-1406,https://gofood.co.id/en/surabaya/restaurant/mie-gacoan-genteng-f49fb30b-5b97-41b6-b66c-924da5d72fba/reviews,semoga dpertahankan,5.0,Mie Setan lv 4 - Pangsit - Lumpia Udang - Orange - Thai Green Tea,Ordered on 18 May 2022,1,Baik,,
1701446020-1407,https://gofood.co.id/en/surabaya/restaurant/mie-gacoan-genteng-f49fb30b-5b97-41b6-b66c-924da5d72fba/reviews,"udang keju nya asem, kayak ngangetin sisa kemaren",1.0,Udang Keju - Udang Rambutan - Mie Iblis lv 1,Ordered on 19 May 2022,0,Buruk,,
1701446020-1408,https://gofood.co.id/en/surabaya/restaurant/mie-gacoan-genteng-f49fb30b-5b97-41b6-b66c-924da5d72fba/reviews,pesen apa dikasi apa wkwk,3.0,Mie Iblis lv 3 - Udang Keju - Lumpia Udang - Siomay,Ordered on 18 May 2022,0,Buruk,,
1701446020-1409,https://gofood.co.id/en/surabaya/restaurant/mie-gacoan-genteng-f49fb30b-5b97-41b6-b66c-924da5d72fba/reviews,"mohon saos sambelnya diperbanyak, biar bisa minta double saos sambal",5.0,Udang Rambutan - Udang Keju - Mie Iblis lv 0 - Mie Iblis lv 2 - Mie Iblis lv 3 - Siomay,Ordered on 13 May 2022,0,Buruk,,
1701446020-1410,https://gofood.co.id/en/surabaya/restaurant/mie-gacoan-genteng-f49fb30b-5b97-41b6-b66c-924da5d72fba/reviews,pantesan antriiiiii soalnya selain murah juga enak + ngenyangin.,5.0,Udang Rambutan - Udang Keju - Pocong - Mie Angel - Mie Setan lv 1,Ordered on 18 May 2022,1,Baik,,
1701446020-1411,https://gofood.co.id/en/surabaya/restaurant/mie-gacoan-genteng-f49fb30b-5b97-41b6-b66c-924da5d72fba/reviews,pesenan aku kemaren gk sesuai semua....slh punya orang apa gmna ya...minta tlog di teliti lagi sblum di ksh ke customer nya...aku pesennya lwt go food,1.0,Mie Angel - Mie Setan lv 1 - Udang Keju - Mie Iblis lv 4,Ordered on 16 May 2022,0,Buruk,,
1701446020-1412,https://gofood.co.id/en/surabaya/restaurant/mie-gacoan-genteng-f49fb30b-5b97-41b6-b66c-924da5d72fba/reviews,"cm masukan aj klo bisa kemasan ny yg rapi, soal ny kmren bumbu ny tumpah",5.0,Mie Iblis lv 0,Ordered on 17 May 2022,0,Buruk,,
1701446020-1413,https://gofood.co.id/en/surabaya/restaurant/mie-gacoan-genteng-f49fb30b-5b97-41b6-b66c-924da5d72fba/reviews,salah ngasik level,4.0,Udang Keju - Mie Iblis lv 1 - Lumpia Udang,Ordered on 18 May 2022,0,Buruk,,
1701446020-1414,https://gofood.co.id/en/surabaya/restaurant/mie-gacoan-genteng-f49fb30b-5b97-41b6-b66c-924da5d72fba/reviews,Makanan murah tapi enaaak,5.0,Siomay - Udang Rambutan - Lumpia Udang - Milo - Mie Angel - Mie Setan lv 2 - Mie Iblis lv 2,Ordered on 17 May 2022,1,Baik,,
1701446020-1415,https://gofood.co.id/en/surabaya/restaurant/mie-gacoan-genteng-f49fb30b-5b97-41b6-b66c-924da5d72fba/reviews,"Kemasannya kurang rapi, porsinya mungkin visa ditambahin sedikit",4.0,Mie Angel - Mie Setan lv 1 - Mie Iblis lv 0 - Udang Keju,Ordered on 17 May 2022,0,Buruk,,
1701446020-1416,https://gofood.co.id/en/surabaya/restaurant/mie-gacoan-genteng-f49fb30b-5b97-41b6-b66c-924da5d72fba/reviews,josssss mantappp,5.0,Mie Setan lv 2,Ordered on 17 May 2022,1,Baik,,
1701446020-1417,https://gofood.co.id/en/surabaya/restaurant/mie-gacoan-genteng-f49fb30b-5b97-41b6-b66c-924da5d72fba/reviews,"Pangsitnya seperti pangsit kemarin digoreng lagi, lalu dimsumnya tidak dikasih saus",3.0,Mie Iblis lv 2 - Udang Rambutan,Ordered on 13 May 2022,0,Buruk,,
1701446020-1418,https://gofood.co.id/en/surabaya/restaurant/mie-gacoan-genteng-f49fb30b-5b97-41b6-b66c-924da5d72fba/reviews,"rasa okee, porsi juga oke",5.0,Mie Iblis lv 1 - Siomay,Ordered on 29 April 2022,1,Baik,,
1701446020-1419,https://gofood.co.id/en/surabaya/restaurant/mie-gacoan-genteng-f49fb30b-5b97-41b6-b66c-924da5d72fba/reviews,"saya tidak menerima pesanan karena saya menunggu terlalu lama. Saya sedang terburu-buru saat itu dan saya membutuhkan makanan itu secepat mungkin. dan ketika aku melihat prediksi waktu aku bisa mendapatkan makanan itu, itu sudah cukup dengan kondisiku dan aku punya waktu luang juga, jadi aku memesannya. dalam waktu prediksi, saya hanya menunggu 29-34 menit. tetapi secara real time, saya menunggu selama 60 menit (13.26 - 14.26) dan saya tidak mendapatkan makanan sama sekali karena saya harus berangkat pada pukul 14.25. Saya merasa menyesal memberi Anda satu bintang, tetapi saya kehilangan uang dan waktu. saya harus memberikan makanan yang telah saya bayarkan kepada pengemudi karena saya tidak dapat menghubunginya dan mengambil makanan.",1.0,Mie Iblis lv 1 - Mie Iblis lv 2 - Udang Rambutan - Lumpia Udang - Pocong,Ordered on 16 May 2022,0,Buruk,,
1701446020-1420,https://gofood.co.id/en/surabaya/restaurant/mie-gacoan-genteng-f49fb30b-5b97-41b6-b66c-924da5d72fba/reviews,ok mantap sangat puas,5.0,Udang Rambutan - Mie Iblis lv 0,Ordered on 16 May 2022,1,Baik,,
1701446020-1421,https://gofood.co.id/en/surabaya/restaurant/mie-gacoan-genteng-f49fb30b-5b97-41b6-b66c-924da5d72fba/reviews,josssssssssssssss,5.0,Mie Angel - Udang Keju - Mie Setan lv 3,Ordered on 16 May 2022,1,Baik,,
1701446020-1422,https://gofood.co.id/en/surabaya/restaurant/mie-gacoan-genteng-f49fb30b-5b97-41b6-b66c-924da5d72fba/reviews,"rasa ok, porsi ok",4.0,Mie Setan lv 3 - Siomay - Lumpia Udang,Ordered on 16 May 2022,1,Baik,,
1701446020-1423,https://gofood.co.id/en/surabaya/restaurant/mie-gacoan-genteng-f49fb30b-5b97-41b6-b66c-924da5d72fba/reviews,enak puollllllll,5.0,Siomay - Udang Keju,Ordered on 5 May 2022,1,Baik,,
1701446020-1424,https://gofood.co.id/en/surabaya/restaurant/mie-gacoan-genteng-f49fb30b-5b97-41b6-b66c-924da5d72fba/reviews,cm kemasannya segera di ganti jgn sterofoam ya,5.0,Mie Iblis lv 1 - Mie Iblis lv 2 - Mie Iblis lv 4,Ordered on 15 May 2022,0,Buruk,,
1701446020-1425,https://gofood.co.id/en/surabaya/restaurant/mie-gacoan-genteng-f49fb30b-5b97-41b6-b66c-924da5d72fba/reviews,"mie nya kayak karet, pesanan lama banget, bumbu tidak enak",1.0,Mie Angel - Mie Setan lv 3 - Mie Iblis lv 0 - Udang Rambutan,Ordered on 15 May 2022,0,Buruk,,
1701446020-1426,https://gofood.co.id/en/surabaya/restaurant/mie-gacoan-genteng-f49fb30b-5b97-41b6-b66c-924da5d72fba/reviews,"enak bgttt,hampir tiap hari makann tp sygnya kalo lgsung ke tempatnya sllu ga kebagian tempatt:(((",5.0,Udang Keju - Mie Iblis lv 2 - Mie Iblis lv 0 - Siomay,Ordered on 15 May 2022,0,Buruk,,
1701446020-1427,https://gofood.co.id/en/surabaya/restaurant/mie-gacoan-genteng-f49fb30b-5b97-41b6-b66c-924da5d72fba/reviews,"mienya terlalu matang, jadi kurang enak di makan.",2.0,Mie Iblis lv 6 - Udang Rambutan - Udang Keju,Ordered on 13 May 2022,0,Buruk,,
1701446020-1428,https://gofood.co.id/en/surabaya/restaurant/mie-gacoan-genteng-f49fb30b-5b97-41b6-b66c-924da5d72fba/reviews,"untuk kemasan tolong lah diperbaiki jangan pake sterofoam gitu ,tadi pas nyampe berantakan jadinya resto terkenal tapi ga mau ningkatin kualitas nya",3.0,Udang Rambutan - Udang Keju - Mie Iblis lv 6 - Lumpia Udang,Ordered on 13 May 2022,0,Buruk,,
1701446020-1429,https://gofood.co.id/en/surabaya/restaurant/mie-gacoan-genteng-f49fb30b-5b97-41b6-b66c-924da5d72fba/reviews,sayang gk diksh saos nya,5.0,Mie Angel - Mie Setan lv 1 - Udang Keju,Ordered on 13 May 2022,0,Buruk,,
1701446020-1430,https://gofood.co.id/en/surabaya/restaurant/mie-gacoan-genteng-f49fb30b-5b97-41b6-b66c-924da5d72fba/reviews,sambel untuk dimsumnya lupa ga di bawain,5.0,Mie Iblis lv 1 - Udang Keju - Udang Rambutan - Mie Angel,Ordered on 12 May 2022,0,Buruk,,
1701446020-1431,https://gofood.co.id/en/surabaya/restaurant/mie-gacoan-genteng-f49fb30b-5b97-41b6-b66c-924da5d72fba/reviews,mantab level 1 aja pedes bgt,5.0,Mie Iblis lv 1,Ordered on 12 May 2022,1,Baik,,
1701446020-1432,https://gofood.co.id/en/surabaya/restaurant/mie-gacoan-genteng-f49fb30b-5b97-41b6-b66c-924da5d72fba/reviews,Maaf ka aku kasih bintang 4 krn ga ada saossnyaa buat dimsum 🥹,4.0,Udang Rambutan - Mie Iblis lv 2 - Lumpia Udang - Udang Keju,Ordered on 12 May 2022,0,Buruk,,
1701446020-1433,https://gofood.co.id/en/surabaya/restaurant/mie-gacoan-genteng-f49fb30b-5b97-41b6-b66c-924da5d72fba/reviews,"level e salah, pesanan ga sesuai",4.0,Mie Iblis lv 1 - Mie Iblis lv 2 - Mie Iblis lv 3 - Mie Iblis lv 4,Ordered on 12 May 2022,0,Buruk,,
1701446020-1434,https://gofood.co.id/en/surabaya/restaurant/mie-gacoan-genteng-f49fb30b-5b97-41b6-b66c-924da5d72fba/reviews,tuku udang rambutan somay e ga di kek i caos yakop iki,1.0,Mie Iblis lv 1 - Mie Iblis lv 3 - Udang Rambutan - Lumpia Udang - Siomay - Teh,Ordered on 12 May 2022,0,Buruk,,
1701446020-1435,https://gofood.co.id/en/surabaya/restaurant/mie-gacoan-genteng-f49fb30b-5b97-41b6-b66c-924da5d72fba/reviews,"Maaf ya kak saya kasi bintang 1. Mienya tdk berasa bumbunya, sambal pahit rasa cabe saja dan hambar, pangsit kurang kering gorengnya. Rasanya jauh lebih enak cabang wiyung. Semoga bisa di perbaiki proses memasaknya…",1.0,Mie Setan lv 8 - Mie Setan lv 2 - Mie Setan lv 4 - Udang Rambutan - Udang Keju,Ordered on 11 May 2022,0,Buruk,,
1701446020-1436,https://gofood.co.id/en/surabaya/restaurant/mie-gacoan-genteng-f49fb30b-5b97-41b6-b66c-924da5d72fba/reviews,enakk si tapi luwamaaaaa,4.0,Udang Keju - Mie Iblis lv 2,Ordered on 11 May 2022,0,Buruk,,
1701446020-1437,https://gofood.co.id/en/surabaya/restaurant/mie-gacoan-genteng-f49fb30b-5b97-41b6-b66c-924da5d72fba/reviews,good job kerja yg bagus,5.0,Mie Setan lv 3 - Lumpia Udang - Mie Setan lv 4 - Udang Rambutan,Ordered on 11 May 2022,1,Baik,,
1701446020-1438,https://gofood.co.id/en/surabaya/restaurant/mie-gacoan-genteng-f49fb30b-5b97-41b6-b66c-924da5d72fba/reviews,Mantap mie gacoan,5.0,Mie Iblis lv 1 - Lumpia Udang - Teh,Ordered on 11 May 2022,1,Baik,,
1701446020-1439,https://gofood.co.id/en/surabaya/restaurant/mie-gacoan-genteng-f49fb30b-5b97-41b6-b66c-924da5d72fba/reviews,rasa terlalu asin,2.0,Mie Angel - Siomay,Ordered on 6 May 2022,0,Buruk,,
1701446020-1440,https://gofood.co.id/en/surabaya/restaurant/mie-gacoan-genteng-f49fb30b-5b97-41b6-b66c-924da5d72fba/reviews,Pelayanan lama,3.0,Mie Setan lv 1 - Mie Iblis lv 3,Ordered on 10 May 2022,0,Buruk,,
1701446020-1441,https://gofood.co.id/en/surabaya/restaurant/mie-gacoan-genteng-f49fb30b-5b97-41b6-b66c-924da5d72fba/reviews,Kurang memuaskann,1.0,Mie Iblis lv 8 - Teh,Ordered on 5 May 2022,0,Buruk,,
1701446020-1442,https://gofood.co.id/en/surabaya/restaurant/mie-gacoan-genteng-f49fb30b-5b97-41b6-b66c-924da5d72fba/reviews,"Cabenya ditutup ga rapat, jadi terceceran",3.0,Mie Iblis lv 0 - Pangsit - Mie Iblis lv 4,Ordered on 10 May 2022,0,Buruk,,
1701446020-1443,https://gofood.co.id/en/surabaya/restaurant/mie-gacoan-genteng-f49fb30b-5b97-41b6-b66c-924da5d72fba/reviews,level 1 pedes bet dah,5.0,Mie Iblis lv 1 - Udang Rambutan - Mie Angel,Ordered on 9 May 2022,1,Baik,,
1701446020-1444,https://gofood.co.id/en/surabaya/restaurant/mie-gacoan-genteng-f49fb30b-5b97-41b6-b66c-924da5d72fba/reviews,drivernya baik n sabar,5.0,Mie Iblis lv 1 - Mie Iblis lv 3,Ordered on 9 May 2022,5,Buruk,,
1701446020-1445,https://gofood.co.id/en/surabaya/restaurant/mie-gacoan-genteng-f49fb30b-5b97-41b6-b66c-924da5d72fba/reviews,pertahankan kualitas nya,5.0,Mie Iblis lv 3 - Mie Iblis lv 0 - Udang Keju - Udang Rambutan,Ordered on 7 May 2022,1,Baik,,
1701446020-1446,https://gofood.co.id/en/surabaya/restaurant/mie-gacoan-genteng-f49fb30b-5b97-41b6-b66c-924da5d72fba/reviews,maaf kok beranfakan yaa mie nya tumpah terus packing nya juga kurang rapi lohhh,1.0,Mie Iblis lv 3 - Mie Iblis lv 4 - Mie Iblis lv 6,Ordered on 9 May 2022,0,Buruk,,
1701446020-1447,https://gofood.co.id/en/surabaya/restaurant/mie-gacoan-genteng-f49fb30b-5b97-41b6-b66c-924da5d72fba/reviews,mantap betulllll,5.0,Mie Iblis lv 1 - Udang Rambutan - Siomay,Ordered on 9 May 2022,1,Baik,,
1701446020-1448,https://gofood.co.id/en/surabaya/restaurant/mie-gacoan-genteng-f49fb30b-5b97-41b6-b66c-924da5d72fba/reviews,enk semua sayang lumpiany gosong😂,5.0,Udang Keju - Mie Angel - Mie Setan lv 2 - Lumpia Udang,Ordered on 8 May 2022,0,Buruk,,
1701446020-1449,https://gofood.co.id/en/surabaya/restaurant/mie-gacoan-genteng-f49fb30b-5b97-41b6-b66c-924da5d72fba/reviews,makasih makanan nya,5.0,Mie Setan lv 4,Ordered on 8 May 2022,1,Baik,,
1701446020-1450,https://gofood.co.id/en/surabaya/restaurant/mie-gacoan-genteng-f49fb30b-5b97-41b6-b66c-924da5d72fba/reviews,"kek biasa, enak terus😻👍🏻",5.0,Mie Setan lv 1 - Mie Iblis lv 2 - Lumpia Udang,Ordered on 7 May 2022,1,Baik,,
1701446020-1451,https://gofood.co.id/en/surabaya/restaurant/mie-gacoan-genteng-f49fb30b-5b97-41b6-b66c-924da5d72fba/reviews,rasanya ke asinan,5.0,Mie Setan lv 2 - Mie Setan lv 1 - Lumpia Udang - Udang Rambutan,Ordered on 7 May 2022,0,Buruk,,
1701446020-1452,https://gofood.co.id/en/surabaya/restaurant/mie-gacoan-genteng-f49fb30b-5b97-41b6-b66c-924da5d72fba/reviews,KENAPA LANGGANAN SELALU SALAH LEVEL BISA GA SIH DI PERHATIKAN LAGI HERAN DEHH !!!!!!!,1.0,Mie Iblis lv 1 - Udang Keju,Ordered on 6 May 2022,0,Buruk,,
1701446020-1453,https://gofood.co.id/en/surabaya/restaurant/mie-gacoan-genteng-f49fb30b-5b97-41b6-b66c-924da5d72fba/reviews,Terbaik mas nya,5.0,Mie Iblis lv 4 - Mie Iblis lv 6 - Siomay - Udang Rambutan,Ordered on 6 May 2022,1,Baik,,
1701446020-1454,https://gofood.co.id/en/surabaya/restaurant/mie-gacoan-genteng-f49fb30b-5b97-41b6-b66c-924da5d72fba/reviews,love u gacoannn!!!!!,5.0,Udang Keju - Mie Iblis lv 2,Ordered on 6 May 2022,1,Baik,,
1701446020-1455,https://gofood.co.id/en/surabaya/restaurant/mie-gacoan-genteng-f49fb30b-5b97-41b6-b66c-924da5d72fba/reviews,"agak ada rasa gosongnya ,sama kurang pedes",4.0,Udang Keju - Mie Iblis lv 3,Ordered on 3 May 2022,0,Buruk,,
1701446020-1456,https://gofood.co.id/en/surabaya/restaurant/mie-gacoan-genteng-f49fb30b-5b97-41b6-b66c-924da5d72fba/reviews,enak banget!😭❤️,5.0,Udang Rambutan - Lemon Tea,Ordered on 3 May 2022,1,Baik,,
1701446020-1457,https://gofood.co.id/en/surabaya/restaurant/mie-gacoan-genteng-f49fb30b-5b97-41b6-b66c-924da5d72fba/reviews,uenak banget klo dimakan anget anget,5.0,Mie Iblis lv 3 - Lemon Tea,Ordered on 4 May 2022,1,Baik,,
1701446020-1458,https://gofood.co.id/en/surabaya/restaurant/mie-gacoan-genteng-f49fb30b-5b97-41b6-b66c-924da5d72fba/reviews,"mantabb, peudess, udang kejunya rekomendasi buangetttttttttttttttttttttt",5.0,Udang Rambutan - Udang Keju - Mie Angel - Mie Iblis lv 2 - Mie Iblis lv 3 - Mie Iblis lv 4,Ordered on 4 May 2022,1,Baik,,
1701446020-1459,https://gofood.co.id/en/surabaya/restaurant/mie-gacoan-genteng-f49fb30b-5b97-41b6-b66c-924da5d72fba/reviews,porsix kurang banyak,5.0,Mie Setan lv 1 - Udang Keju,Ordered on 3 May 2022,0,Buruk,,
1701446020-1460,https://gofood.co.id/en/surabaya/restaurant/mie-gacoan-genteng-f49fb30b-5b97-41b6-b66c-924da5d72fba/reviews,mantap pedes nya,5.0,Mie Iblis lv 8,Ordered on 3 May 2022,1,Baik,,
1701446020-1461,https://gofood.co.id/en/surabaya/restaurant/mie-gacoan-genteng-f49fb30b-5b97-41b6-b66c-924da5d72fba/reviews,pertahankan rasa yaaaa,5.0,Udang Keju - Mie Setan lv 2 - Mie Iblis lv 2 - Pangsit,Ordered on 3 May 2022,1,Baik,,
1701446020-1462,https://gofood.co.id/en/surabaya/restaurant/mie-gacoan-genteng-f49fb30b-5b97-41b6-b66c-924da5d72fba/reviews,Melempem semuanya ga ada yang kriuk,3.0,Mie Setan lv 2 - Mie Iblis lv 2 - Lumpia Udang - Udang Keju - Udang Rambutan - Mie Angel - Pangsit,Ordered on 29 April 2022,0,Buruk,,
1701446020-1463,https://gofood.co.id/en/surabaya/restaurant/mie-gacoan-genteng-f49fb30b-5b97-41b6-b66c-924da5d72fba/reviews,Pesan 2 level tidak tau yang mana level 1 yang mana level 2 karena tidak tertera🙏🏻,4.0,Mie Iblis lv 1 - Mie Iblis lv 2 - Udang Rambutan - Siomay,Ordered on 2 May 2022,0,Buruk,,
1701446020-1464,https://gofood.co.id/en/surabaya/restaurant/mie-gacoan-genteng-f49fb30b-5b97-41b6-b66c-924da5d72fba/reviews,rasa nya enak sekali,5.0,Mie Setan lv 1 - Mie Iblis lv 3 - Siomay - Udang Rambutan - Udang Keju,Ordered on 2 May 2022,1,Baik,,
1701446020-1465,https://gofood.co.id/en/surabaya/restaurant/mie-gacoan-genteng-f49fb30b-5b97-41b6-b66c-924da5d72fba/reviews,Enak deh pokoknya  gatau lagi mau ngomong apa.,5.0,Mie Iblis lv 2,Ordered on 1 May 2022,1,Baik,,
1701446020-1466,https://gofood.co.id/en/surabaya/restaurant/mie-gacoan-genteng-f49fb30b-5b97-41b6-b66c-924da5d72fba/reviews,"kurang elegan,, sterofom pakai karet",3.0,Mie Iblis lv 1 - Thai Green Tea - Siomay,Ordered on 30 April 2022,0,Buruk,,
1701446020-1467,https://gofood.co.id/en/surabaya/restaurant/mie-gacoan-genteng-f49fb30b-5b97-41b6-b66c-924da5d72fba/reviews,"tadi yang 1 ga dikasih karet , kecapnya tumpah” 😔😔😣😣😣",5.0,Mie Iblis lv 1 - Udang Keju,Ordered on 30 April 2022,1,Baik,,
1701446020-1468,https://gofood.co.id/en/surabaya/restaurant/mie-gacoan-genteng-f49fb30b-5b97-41b6-b66c-924da5d72fba/reviews,enak bgt pedesnya gurih,5.0,Mie Setan lv 6 - Udang Keju,Ordered on 30 April 2022,1,Baik,,
1701446020-1469,https://gofood.co.id/en/surabaya/restaurant/mie-gacoan-genteng-f49fb30b-5b97-41b6-b66c-924da5d72fba/reviews,mie nya teralu matang (nyenyek),3.0,Mie Iblis lv 2 - Mie Iblis lv 1 - Siomay - Lumpia Udang - Udang Rambutan - Mie Iblis lv 8,Ordered on 28 April 2022,0,Buruk,,
1701446020-1470,https://gofood.co.id/en/surabaya/restaurant/mie-gacoan-genteng-f49fb30b-5b97-41b6-b66c-924da5d72fba/reviews,di udang kejunyaa ga dikasi saus ny min,4.0,Udang Keju - Mie Setan lv 2,Ordered on 28 April 2022,0,Buruk,,
1701446020-1471,https://gofood.co.id/en/surabaya/restaurant/mie-gacoan-genteng-f49fb30b-5b97-41b6-b66c-924da5d72fba/reviews,Selalu the best,5.0,Mie Iblis lv 1 - Mie Setan lv 1 - Udang Keju - Lumpia Udang - Mie Iblis lv 2 - Pangsit,Ordered on 28 April 2022,1,Baik,,
1701446020-1472,https://gofood.co.id/en/surabaya/restaurant/mie-gacoan-genteng-f49fb30b-5b97-41b6-b66c-924da5d72fba/reviews,"mantap, cepat, sabar bapaknya",5.0,Mie Iblis lv 2 - Mie Iblis lv 3 - Pangsit - Udang Rambutan - Siomay,Ordered on 28 April 2022,1,Baik,,
1701446020-1473,https://gofood.co.id/en/surabaya/restaurant/mie-gacoan-genteng-f49fb30b-5b97-41b6-b66c-924da5d72fba/reviews,agak asin yaw si lumpia udang nyaa terus gacoan rambutannya keras cuy,5.0,Lumpia Udang - Udang Keju - Udang Rambutan,Ordered on 27 April 2022,0,Buruk,,
1701446020-1474,https://gofood.co.id/en/surabaya/restaurant/mie-gacoan-genteng-f49fb30b-5b97-41b6-b66c-924da5d72fba/reviews,Pelayanan baik dan sabar. Terima kasih,5.0,Mie Iblis lv 1 - Udang Keju,Ordered on 27 April 2022,1,Baik,,
1701446020-1475,https://gofood.co.id/en/surabaya/restaurant/mie-gacoan-genteng-f49fb30b-5b97-41b6-b66c-924da5d72fba/reviews,enak dan mantap,5.0,Mie Setan lv 1 - Mie Iblis lv 4 - Mie Iblis lv 2,Ordered on 25 April 2022,1,Baik,,
1701446020-1476,https://gofood.co.id/en/surabaya/restaurant/mie-gacoan-genteng-f49fb30b-5b97-41b6-b66c-924da5d72fba/reviews,enak pedesnya nampolll,5.0,Mie Iblis lv 4 - Mie Iblis lv 1 - Mie Setan lv 1,Ordered on 23 April 2022,1,Baik,,
1701446020-1477,https://gofood.co.id/en/surabaya/restaurant/mie-gacoan-genteng-f49fb30b-5b97-41b6-b66c-924da5d72fba/reviews,"persennya dimsum nya (lumpia udang, udang keju, siomay) yg dikirim siomay sama 2 udang keju huhuhu",5.0,Mie Iblis lv 1 - Siomay - Udang Keju - Lumpia Udang - Mie Iblis lv 0,Ordered on 26 April 2022,0,Buruk,,
1701446020-1478,https://gofood.co.id/en/surabaya/restaurant/mie-gacoan-genteng-f49fb30b-5b97-41b6-b66c-924da5d72fba/reviews,Kemasan perlu dibuat lbh keren lagi jgn cuma kemasan sterofom polosan,4.0,Mie Iblis lv 1 - Mie Angel - Mie Iblis lv 0 - Tuyul,Ordered on 26 April 2022,0,Buruk,,
1701446020-1479,https://gofood.co.id/en/surabaya/restaurant/mie-gacoan-genteng-f49fb30b-5b97-41b6-b66c-924da5d72fba/reviews,Enak bgt weehhhh🤩🤩,5.0,Mie Setan lv 2,Ordered on 26 April 2022,1,Baik,,
1701446020-1480,https://gofood.co.id/en/surabaya/restaurant/mie-gacoan-genteng-f49fb30b-5b97-41b6-b66c-924da5d72fba/reviews,ga ditulis di kemasan level kepedasannya,3.0,Mie Iblis lv 4 - Mie Iblis lv 2 - Mie Setan lv 2 - Mie Iblis lv 0 - Mie Iblis lv 3,Ordered on 26 April 2022,0,Buruk,,
1701446020-1481,https://gofood.co.id/en/surabaya/restaurant/mie-gacoan-genteng-f49fb30b-5b97-41b6-b66c-924da5d72fba/reviews,enak tapi berminyak,4.0,Mie Iblis lv 0 - Mie Iblis lv 1,Ordered on 24 April 2022,1,Baik,,
1701446020-1482,https://gofood.co.id/en/surabaya/restaurant/mie-gacoan-genteng-f49fb30b-5b97-41b6-b66c-924da5d72fba/reviews,terimakasih mie favorit,5.0,Mie Angel - Mie Setan lv 1 - Udang Rambutan,Ordered on 22 April 2022,1,Baik,,
1701446020-1483,https://gofood.co.id/en/surabaya/restaurant/mie-gacoan-genteng-f49fb30b-5b97-41b6-b66c-924da5d72fba/reviews,"enak banget sih, porsi nya mantap.",5.0,Mie Iblis lv 1,Ordered on 26 April 2022,1,Baik,,
1701446020-1484,https://gofood.co.id/en/surabaya/restaurant/mie-gacoan-genteng-f49fb30b-5b97-41b6-b66c-924da5d72fba/reviews,timaaci om chef,5.0,Pangsit - Mie Iblis lv 2 - Udang Rambutan - Mie Angel - Mie Iblis lv 1 - Lumpia Udang,Ordered on 25 April 2022,1,Baik,,
1701446020-1485,https://gofood.co.id/en/surabaya/restaurant/mie-gacoan-genteng-f49fb30b-5b97-41b6-b66c-924da5d72fba/reviews,tolong dibungkusnya ditulis level berapa biar tidak tertukar,4.0,Mie Iblis lv 2 - Mie Iblis lv 3 - Mie Setan lv 2 - Tuyul - Mie Iblis lv 4,Ordered on 24 April 2022,0,Buruk,,
1701446020-1486,https://gofood.co.id/en/surabaya/restaurant/mie-gacoan-genteng-f49fb30b-5b97-41b6-b66c-924da5d72fba/reviews,mantap sekali😍😍😍😍,5.0,Mie Iblis lv 0 - Lumpia Udang - Mie Iblis lv 4 - Mie Iblis lv 1,Ordered on 25 April 2022,1,Baik,,
1701446020-1487,https://gofood.co.id/en/surabaya/restaurant/mie-gacoan-genteng-f49fb30b-5b97-41b6-b66c-924da5d72fba/reviews,puedesssseee 🥵🥵🥵🥵,5.0,Mie Iblis lv 1 - Mie Iblis lv 2 - Mie Iblis lv 0,Ordered on 25 April 2022,1,Baik,,
1701446020-1488,https://gofood.co.id/en/surabaya/restaurant/mie-gacoan-genteng-f49fb30b-5b97-41b6-b66c-924da5d72fba/reviews,pesan 2pcs untuk level yang 0 / gak pedas . yang datang malah level 2 nya yang 2pcs .,3.0,Mie Iblis lv 0 - Mie Iblis lv 2 - Mie Iblis lv 3 - Siomay - Udang Keju - Lumpia Udang - Udang Rambutan,Ordered on 24 April 2022,0,Buruk,,
1701446020-1489,https://gofood.co.id/en/surabaya/restaurant/mie-gacoan-genteng-f49fb30b-5b97-41b6-b66c-924da5d72fba/reviews,sip mantap pak🙏 makasih makanannya,5.0,Mie Iblis lv 1 - Mie Angel - Mie Setan lv 2 - Genderuwo,Ordered on 22 April 2022,1,Baik,,
1701446020-1490,https://gofood.co.id/en/surabaya/restaurant/mie-gacoan-genteng-f49fb30b-5b97-41b6-b66c-924da5d72fba/reviews,Mantab pedesnya,4.0,Mie Iblis lv 2 - Mie Iblis lv 4,Ordered on 5 April 2022,1,Baik,,
1701446020-1491,https://gofood.co.id/en/surabaya/restaurant/mie-gacoan-genteng-f49fb30b-5b97-41b6-b66c-924da5d72fba/reviews,pangsitnya makin lama makin kecil,3.0,Mie Iblis lv 2 - Udang Rambutan,Ordered on 23 April 2022,0,Buruk,,
1701446020-1492,https://gofood.co.id/en/surabaya/restaurant/mie-gacoan-genteng-f49fb30b-5b97-41b6-b66c-924da5d72fba/reviews,ga pernah gagal kalo soal rasa😍,5.0,Mie Iblis lv 0 - Mie Iblis lv 2,Ordered on 24 April 2022,1,Baik,,
1701446020-1493,https://gofood.co.id/en/surabaya/restaurant/mie-gacoan-genteng-f49fb30b-5b97-41b6-b66c-924da5d72fba/reviews,enak bgt dah kek biasanya,5.0,Mie Iblis lv 1 - Siomay,Ordered on 24 April 2022,1,Baik,,
1701446020-1494,https://gofood.co.id/en/surabaya/restaurant/mie-gacoan-genteng-f49fb30b-5b97-41b6-b66c-924da5d72fba/reviews,sayang sekali tadi kemasannya ada yang kebuka / longgar,5.0,Mie Angel - Mie Setan lv 1 - Mie Setan lv 4 - Tuyul,Ordered on 23 April 2022,0,Buruk,,
1701446020-1495,https://gofood.co.id/en/surabaya/restaurant/mie-gacoan-genteng-f49fb30b-5b97-41b6-b66c-924da5d72fba/reviews,"notenya ga dibaca, padahal dinote udh ditulis tanpa ayam tapi dikasih ayam",4.0,Mie Iblis lv 1 - Udang Keju,Ordered on 23 April 2022,0,Buruk,,
1701446020-1496,https://gofood.co.id/en/surabaya/restaurant/mie-gacoan-genteng-f49fb30b-5b97-41b6-b66c-924da5d72fba/reviews,mienya mantap harganya juga hemat WAREG!!!,5.0,Mie Iblis lv 0 - Mie Iblis lv 1,Ordered on 23 April 2022,1,Baik,,
1701446020-1497,https://gofood.co.id/en/surabaya/restaurant/mie-gacoan-genteng-f49fb30b-5b97-41b6-b66c-924da5d72fba/reviews,"rasa lumayan, porsi pas. overall oke sih",4.0,Mie Iblis lv 2 - Udang Rambutan,Ordered on 21 April 2022,1,Baik,,
1701446020-1498,https://gofood.co.id/en/surabaya/restaurant/mie-gacoan-genteng-f49fb30b-5b97-41b6-b66c-924da5d72fba/reviews,top bgt deh ama pedesnya bikin nampol,5.0,Mie Angel - Mie Setan lv 4 - Mie Iblis lv 3 - Tuyul - Teh Tarik,Ordered on 22 April 2022,1,Baik,,
1701446020-1499,https://gofood.co.id/en/surabaya/restaurant/mie-gacoan-genteng-f49fb30b-5b97-41b6-b66c-924da5d72fba/reviews,pedas nya mantap,5.0,Mie Iblis lv 6 - Thai Green Tea - Tuyul,Ordered on 20 March 2022,1,Baik,,
1701446020-1500,https://gofood.co.id/en/surabaya/restaurant/mie-gacoan-genteng-f49fb30b-5b97-41b6-b66c-924da5d72fba/reviews,waktu pemesanan lama sekali sampai harus berganti driver,4.0,Mie Iblis lv 1 - Pangsit,Ordered on 21 April 2022,0,Buruk,,
1701446020-1501,https://gofood.co.id/en/surabaya/restaurant/mie-gacoan-genteng-f49fb30b-5b97-41b6-b66c-924da5d72fba/reviews,"makannya sampai dirumah dgn selamat, makannya juga enak bgtt terimakasih untuk penjualnya dan kurir yg nganter paket dirumah dengan selamat🙏🙏🙏",5.0,Mie Setan lv 1 - Lemon Tea,Ordered on 21 April 2022,1,Baik,,
1701446020-1502,https://gofood.co.id/en/surabaya/restaurant/mie-gacoan-genteng-f49fb30b-5b97-41b6-b66c-924da5d72fba/reviews,Rame banget karena murah dan ternyata enak kecuali mie nya i dont like it. Lebih suka dimsumnya,5.0,Mie Setan lv 1 - Udang Keju - Lumpia Udang - Udang Rambutan - Siomay,Ordered on 16 March 2022,1,Baik,,
1701446020-1503,https://gofood.co.id/en/surabaya/restaurant/mie-gacoan-genteng-f49fb30b-5b97-41b6-b66c-924da5d72fba/reviews,no taste .. noodle over cook,4.0,Mie Setan lv 3 - Udang Keju,Ordered on 21 April 2022,0,Buruk,,
1701446020-1504,https://gofood.co.id/en/surabaya/restaurant/mie-gacoan-genteng-f49fb30b-5b97-41b6-b66c-924da5d72fba/reviews,ok banget maaf baru ngasih nilai,5.0,Mie Iblis lv 0 - Mie Iblis lv 6 - Mie Iblis lv 2 - Lumpia Udang - Udang Keju - Udang Rambutan - Siomay,Ordered on 17 April 2022,1,Baik,,
1701446020-1505,https://gofood.co.id/en/surabaya/restaurant/mie-gacoan-genteng-f49fb30b-5b97-41b6-b66c-924da5d72fba/reviews,terima kasih semoga sehat selalu,5.0,Udang Keju - Udang Rambutan - Genderuwo,Ordered on 19 April 2022,1,Baik,,
1701446020-1506,https://gofood.co.id/en/surabaya/restaurant/mie-gacoan-genteng-f49fb30b-5b97-41b6-b66c-924da5d72fba/reviews,mantap boss rasa ny enk bos,5.0,Mie Iblis lv 1 - Lumpia Udang - Siomay,Ordered on 19 April 2022,1,Baik,,
1701446020-1507,https://gofood.co.id/en/surabaya/restaurant/mie-gacoan-genteng-f49fb30b-5b97-41b6-b66c-924da5d72fba/reviews,nyman mantap rasny pas,5.0,Mie Iblis lv 1 - Lumpia Udang,Ordered on 16 April 2022,1,Baik,,
1701446020-1508,https://gofood.co.id/en/surabaya/restaurant/mie-gacoan-genteng-f49fb30b-5b97-41b6-b66c-924da5d72fba/reviews,"asin, ndak kayak biasanya",4.0,Mie Iblis lv 0 - Udang Keju - Mie Iblis lv 2,Ordered on 19 April 2022,0,Buruk,,
1701446020-1509,https://gofood.co.id/en/surabaya/restaurant/mie-gacoan-genteng-f49fb30b-5b97-41b6-b66c-924da5d72fba/reviews,restoran salah memberi pesanan,3.0,Mie Iblis lv 6 - Udang Keju,Ordered on 18 April 2022,0,Buruk,,
1701446020-1510,https://gofood.co.id/en/surabaya/restaurant/mie-gacoan-genteng-f49fb30b-5b97-41b6-b66c-924da5d72fba/reviews,driver nya baik banget,5.0,Mie Setan lv 1 - Mie Iblis lv 3 - Siomay - Udang Rambutan,Ordered on 18 April 2022,5,Buruk,,
1701446020-1511,https://gofood.co.id/en/surabaya/restaurant/mie-gacoan-genteng-f49fb30b-5b97-41b6-b66c-924da5d72fba/reviews,kayak mie disiram cabe doang gak ada rasa asinnya. apa bumbunya ketinggalan ato memang gitu ya . nangis bangett😭,1.0,Mie Setan lv 4 - Mie Setan lv 8,Ordered on 9 April 2022,0,Buruk,,
1701446020-1512,https://gofood.co.id/en/surabaya/restaurant/mie-gacoan-genteng-f49fb30b-5b97-41b6-b66c-924da5d72fba/reviews,"puuueedesssnya mantafff, saya nyerah di level 6🤭,pangsit gorengnya enak dan g pelit size nya👍",5.0,Mie Iblis lv 4 - Mie Setan lv 6 - Mie Iblis lv 6,Ordered on 17 April 2022,1,Baik,,
1701446020-1513,https://gofood.co.id/en/surabaya/restaurant/mie-gacoan-genteng-f49fb30b-5b97-41b6-b66c-924da5d72fba/reviews,adain dunk porsi jumbo,5.0,Mie Setan lv 3,Ordered on 16 April 2022,5,Buruk,,
1701446020-1514,https://gofood.co.id/en/surabaya/restaurant/mie-gacoan-genteng-f49fb30b-5b97-41b6-b66c-924da5d72fba/reviews,lupa kasih saos buat udang rambutan nya tadi,4.0,Mie Setan lv 4 - Mie Iblis lv 1 - Udang Rambutan,Ordered on 16 April 2022,0,Buruk,,
1701446020-1515,https://gofood.co.id/en/surabaya/restaurant/mie-gacoan-genteng-f49fb30b-5b97-41b6-b66c-924da5d72fba/reviews,Enak banget cmn packaging nya ga biasanya kya gacoan,5.0,Mie Iblis lv 3 - Pangsit,Ordered on 16 April 2022,1,Baik,,
1701446020-1516,https://gofood.co.id/en/surabaya/restaurant/mie-gacoan-genteng-f49fb30b-5b97-41b6-b66c-924da5d72fba/reviews,nggak pernah ngecewain si rasanya eheheheh,5.0,Mie Iblis lv 2 - Mie Iblis lv 3 - Lumpia Udang,Ordered on 15 April 2022,1,Baik,,
1701446020-1517,https://gofood.co.id/en/surabaya/restaurant/mie-gacoan-genteng-f49fb30b-5b97-41b6-b66c-924da5d72fba/reviews,"mungkin ada alternatif pengganti untuk gorengan yg berminyak, misalnya acar",4.0,Mie Iblis lv 0 - Mie Iblis lv 1 - Udang Keju - Siomay,Ordered on 15 April 2022,0,Buruk,,
1701446020-1518,https://gofood.co.id/en/surabaya/restaurant/mie-gacoan-genteng-f49fb30b-5b97-41b6-b66c-924da5d72fba/reviews,enak banget sihhhhh tapi level 1 kok pedes banget ya :((( tolong diperhatikan levelnya yaaa soalnya hrsnya gak sepedes ini..,4.0,Mie Iblis lv 1,Ordered on 15 April 2022,0,Buruk,,
1701446020-1519,https://gofood.co.id/en/surabaya/restaurant/mie-gacoan-genteng-f49fb30b-5b97-41b6-b66c-924da5d72fba/reviews,"padalan pesan mie level 8 tapi kurang pedes, gk seperti biasa nya pedes banget, tadi pesen mie lv 8 tapi rasa pedes nya seperti level 1 zbll bngettss . tolong di teliti lagi",1.0,Udang Keju - Mie Iblis lv 8,Ordered on 15 April 2022,0,Buruk,,
1701446020-1520,https://gofood.co.id/en/surabaya/restaurant/mie-gacoan-genteng-f49fb30b-5b97-41b6-b66c-924da5d72fba/reviews,"Halo, maaf sebelumnya. Saya sering mendapati helaian rambut panjang dalam makanan saya. Awalnya saya coba menerima saja, tetapi karena sudah terlalu sering, saya ingin memberi feedback. Ke depannya, semoga hal ini dapat disiasati. Terima kasih.",2.0,Mie Iblis lv 2 - Tuyul,Ordered on 14 April 2022,0,Buruk,,
1701446020-1521,https://gofood.co.id/en/surabaya/restaurant/mie-gacoan-genteng-f49fb30b-5b97-41b6-b66c-924da5d72fba/reviews,rasax kurang mantap dan hambar kurang gurih dan porsi ikannya kurang,2.0,Mie Setan lv 3 - Mie Setan lv 1,Ordered on 14 April 2022,0,Buruk,,
1701446020-1522,https://gofood.co.id/en/surabaya/restaurant/mie-gacoan-genteng-f49fb30b-5b97-41b6-b66c-924da5d72fba/reviews,Mantulsssssssssssss,5.0,Mie Iblis lv 3 - Udang Keju,Ordered on 10 April 2022,1,Baik,,
1701446020-1523,https://gofood.co.id/en/surabaya/restaurant/mie-gacoan-genteng-f49fb30b-5b97-41b6-b66c-924da5d72fba/reviews,enak bgt😍 soal rasa gak pernah gagal dongg,5.0,Mie Angel - Mie Iblis lv 1 - Siomay,Ordered on 10 April 2022,1,Baik,,
1701446020-1524,https://gofood.co.id/en/surabaya/restaurant/mie-gacoan-genteng-f49fb30b-5b97-41b6-b66c-924da5d72fba/reviews,enak banget pedesnya polll padahal itu level 2 sama 4,5.0,Mie Iblis lv 4 - Mie Iblis lv 2 - Udang Rambutan,Ordered on 10 April 2022,1,Baik,,
1701446020-1525,https://gofood.co.id/en/surabaya/restaurant/mie-gacoan-genteng-f49fb30b-5b97-41b6-b66c-924da5d72fba/reviews,gacoan selalu andalan,5.0,Mie Iblis lv 3 - Siomay - Lumpia Udang,Ordered on 9 April 2022,1,Baik,,
1701446020-1526,https://gofood.co.id/en/surabaya/restaurant/mie-gacoan-genteng-f49fb30b-5b97-41b6-b66c-924da5d72fba/reviews,tolong dihilangkan biaya parkir dan biaya aplikasi nya karena jadi mahal belanja annya terima kasih dan tolong dibantu ya bisa terkabul supaya sama 2 diuntungkan,3.0,Mie Iblis lv 4,Ordered on 7 April 2022,0,Buruk,,
1701446020-1527,https://gofood.co.id/en/surabaya/restaurant/mie-gacoan-genteng-f49fb30b-5b97-41b6-b66c-924da5d72fba/reviews,bintang 5 buat yg nganter + yg buat mie gercep bgt😍,5.0,Mie Iblis lv 6 - Mie Iblis lv 4,Ordered on 9 April 2022,1,Baik,,
1701446020-1528,https://gofood.co.id/en/surabaya/restaurant/mie-gacoan-genteng-f49fb30b-5b97-41b6-b66c-924da5d72fba/reviews,ntapppsssss pokoknya,5.0,Mie Iblis lv 0 - Mie Setan lv 4 - Udang Keju - Tuyul,Ordered on 9 April 2022,1,Baik,,
1701446020-1529,https://gofood.co.id/en/surabaya/restaurant/mie-gacoan-genteng-f49fb30b-5b97-41b6-b66c-924da5d72fba/reviews,"enakkk bangettt,,, mantappp",5.0,Mie Iblis lv 8 - Udang Keju,Ordered on 8 April 2022,1,Baik,,
1701446020-1530,https://gofood.co.id/en/surabaya/restaurant/mie-gacoan-genteng-f49fb30b-5b97-41b6-b66c-924da5d72fba/reviews,Pertahankan Rasanya.. Kl bisa lebih cepat masaknya biar gak tunggu lama. 👍😄,5.0,Mie Iblis lv 4 - Mie Setan lv 3 - Udang Rambutan,Ordered on 8 April 2022,1,Baik,,
1701446020-1531,https://gofood.co.id/en/surabaya/restaurant/mie-gacoan-genteng-f49fb30b-5b97-41b6-b66c-924da5d72fba/reviews,"Pangsit gorengnya kaya ga segar, spt sudah lama isian daging didalamnya. Mohon utk diperhatikan",3.0,Mie Iblis lv 3 - Teh,Ordered on 8 April 2022,0,Buruk,,
1701446020-1532,https://gofood.co.id/en/surabaya/restaurant/mie-gacoan-genteng-f49fb30b-5b97-41b6-b66c-924da5d72fba/reviews,"asin sekali, TDK seperti biasanya",3.0,Mie Setan lv 8 - Lumpia Udang - Lemon Tea - Thai Green Tea,Ordered on 7 April 2022,0,Buruk,,
1701446020-1533,https://gofood.co.id/en/surabaya/restaurant/mie-gacoan-genteng-f49fb30b-5b97-41b6-b66c-924da5d72fba/reviews,Pesanan yg datang tidak sesuaiiiiiii. Komplain di ig gak di respon!!,4.0,Mie Iblis lv 1 - Udang Rambutan,Ordered on 5 April 2022,0,Buruk,,
1701446020-1534,https://gofood.co.id/en/surabaya/restaurant/mie-gacoan-genteng-f49fb30b-5b97-41b6-b66c-924da5d72fba/reviews,karena harga dikenakan biaya parkir dan biaya aplikasi jadi mau pesan murah jadi tambah mahal totalnya dan terlalu lama menunggu karena tidak sesuai waktu menunggu nya hny pesan 1 Bungkus tolong diperbaiki harga nya jgn ditambah lagi dengan parkir dan biaya aplikasi nya dan tolong sesuai kan pesanan nya jgn terlalu lama menunggu terima kasih atas bantuannya utk wujudkan itu bagi semua kalangan bisa menikmati harganya murah dan cepat sesuai pesanan nya. terima kasih,2.0,Mie Iblis lv 4,Ordered on 4 April 2022,0,Buruk,,
1701446020-1535,https://gofood.co.id/en/surabaya/restaurant/mie-gacoan-genteng-f49fb30b-5b97-41b6-b66c-924da5d72fba/reviews,gacoan fav banget semuanya,5.0,Udang Keju - Mie Iblis lv 1 - Mie Setan lv 1 - Lumpia Udang - Siomay,Ordered on 4 March 2022,1,Baik,,
1701446020-1536,https://gofood.co.id/en/surabaya/restaurant/mie-gacoan-genteng-f49fb30b-5b97-41b6-b66c-924da5d72fba/reviews,akhirnya gacoan buka di mayjend 😭,5.0,Mie Iblis lv 3 - Udang Rambutan - Udang Keju,Ordered on 25 March 2022,1,Baik,,
1701446020-1537,https://gofood.co.id/en/surabaya/restaurant/mie-gacoan-genteng-f49fb30b-5b97-41b6-b66c-924da5d72fba/reviews,rasa nya enak banget dan gurih bikin nagih pedas nya mantap👍👍👍,5.0,Mie Iblis lv 1 - Mie Iblis lv 8,Ordered on 4 April 2022,1,Baik,,
1701446020-1538,https://gofood.co.id/en/surabaya/restaurant/mie-gacoan-genteng-f49fb30b-5b97-41b6-b66c-924da5d72fba/reviews,"kurir ramah, nyampe dengan baik",5.0,Mie Iblis lv 2,Ordered on 4 April 2022,5,Buruk,,
1701446020-1539,https://gofood.co.id/en/surabaya/restaurant/mie-gacoan-genteng-f49fb30b-5b97-41b6-b66c-924da5d72fba/reviews,enak bangetttttttttttttt,5.0,Mie Setan lv 3 - Mie Setan lv 1,Ordered on 3 April 2022,1,Baik,,
1701446020-1540,https://gofood.co.id/en/surabaya/restaurant/mie-gacoan-genteng-f49fb30b-5b97-41b6-b66c-924da5d72fba/reviews,kurang pedes si :(,5.0,Mie Iblis lv 4,Ordered on 3 April 2022,0,Buruk,,
1701446020-1541,https://gofood.co.id/en/surabaya/restaurant/mie-gacoan-genteng-f49fb30b-5b97-41b6-b66c-924da5d72fba/reviews,terbaek lah tetep,5.0,Mie Setan lv 1 - Mie Setan lv 3 - Pangsit,Ordered on 23 March 2022,1,Baik,,
1701446020-1542,https://gofood.co.id/en/surabaya/restaurant/mie-gacoan-genteng-f49fb30b-5b97-41b6-b66c-924da5d72fba/reviews,tambahin porsinya dong chefs,5.0,Mie Iblis lv 8 - Mie Setan lv 8,Ordered on 29 March 2022,5,Buruk,,
1701446020-1543,https://gofood.co.id/en/surabaya/restaurant/mie-gacoan-genteng-f49fb30b-5b97-41b6-b66c-924da5d72fba/reviews,"Maaf lupa nilai, tapi gacoan nya kmrn enak buwanggeettt🥰🥰 kripike yoo beda dari yg lain mantuull pokoke sak dimsume👍👍",5.0,Udang Keju - Mie Iblis lv 2 - Mie Iblis lv 4 - Udang Rambutan,Ordered on 26 March 2022,1,Baik,,
1701446020-1544,https://gofood.co.id/en/surabaya/restaurant/mie-gacoan-genteng-f49fb30b-5b97-41b6-b66c-924da5d72fba/reviews,mantapppp suka banget rasa dan pedasnya maknyus,5.0,Mie Setan lv 6,Ordered on 30 March 2022,1,Baik,,
1701446020-1545,https://gofood.co.id/en/surabaya/restaurant/mie-gacoan-genteng-f49fb30b-5b97-41b6-b66c-924da5d72fba/reviews,porsi kurang bnyak 🤭,5.0,Mie Angel - Mie Setan lv 4 - Mie Iblis lv 3 - Mie Iblis lv 0 - Mie Setan lv 2,Ordered on 27 March 2022,0,Buruk,,
1701446020-1546,https://gofood.co.id/en/surabaya/restaurant/mie-gacoan-genteng-f49fb30b-5b97-41b6-b66c-924da5d72fba/reviews,mie gacoan enak bangett,5.0,Mie Iblis lv 1 - Mie Iblis lv 2 - Siomay - Tuyul - Teh - Udang Keju,Ordered on 29 March 2022,1,Baik,,
1701446020-1547,https://gofood.co.id/en/surabaya/restaurant/mie-gacoan-genteng-f49fb30b-5b97-41b6-b66c-924da5d72fba/reviews,enaaak kaya biasaaa😁,5.0,Mie Iblis lv 1,Ordered on 29 March 2022,1,Baik,,
1701446020-1548,https://gofood.co.id/en/surabaya/restaurant/mie-gacoan-genteng-f49fb30b-5b97-41b6-b66c-924da5d72fba/reviews,Sayang deh sangking enaknya sampe sllu antri dan rame banget🥰,5.0,Mie Iblis lv 3,Ordered on 29 March 2022,1,Baik,,
1701446020-1549,https://gofood.co.id/en/surabaya/restaurant/mie-gacoan-genteng-f49fb30b-5b97-41b6-b66c-924da5d72fba/reviews,enak bangettttt,5.0,Mie Iblis lv 3 - Mie Iblis lv 1,Ordered on 26 March 2022,1,Baik,,
1701446020-1550,https://gofood.co.id/en/surabaya/restaurant/mie-gacoan-genteng-f49fb30b-5b97-41b6-b66c-924da5d72fba/reviews,sippppppp pokokkkkeee,5.0,Udang Rambutan - Pangsit,Ordered on 28 March 2022,1,Baik,,
1701446020-1551,https://gofood.co.id/en/surabaya/restaurant/mie-gacoan-genteng-f49fb30b-5b97-41b6-b66c-924da5d72fba/reviews,istimewa wes :),5.0,Mie Iblis lv 1 - Udang Keju - Sundelbolong - Teh Tarik,Ordered on 27 March 2022,1,Baik,,
1701446020-1552,https://gofood.co.id/en/surabaya/restaurant/mie-gacoan-genteng-f49fb30b-5b97-41b6-b66c-924da5d72fba/reviews,porsinya kurang + udang pangsit dan mienya dingin,1.0,Pangsit - Udang Rambutan - Mie Iblis lv 3 - Mie Iblis lv 0,Ordered on 26 March 2022,0,Buruk,,
1701446020-1553,https://gofood.co.id/en/surabaya/restaurant/mie-gacoan-genteng-f49fb30b-5b97-41b6-b66c-924da5d72fba/reviews,Next tulis Level di kotaknya agak di per jelas karna tdi kutuker. Level 6 jadi level 3,4.0,Mie Iblis lv 3 - Mie Setan lv 6 - Mie Iblis lv 1 - Udang Rambutan - Mie Iblis lv 2 - Mie Setan lv 1,Ordered on 26 March 2022,0,Buruk,,
1701446020-1554,https://gofood.co.id/en/surabaya/restaurant/mie-gacoan-genteng-f49fb30b-5b97-41b6-b66c-924da5d72fba/reviews,"Mienya kering.,pangsitnya agak bau. Tolong kwalitas makanan dicek lagi. Makasih",3.0,Mie Iblis lv 1 - Mie Iblis lv 3,Ordered on 25 March 2022,0,Buruk,,
1701446020-1555,https://gofood.co.id/en/surabaya/restaurant/mie-gacoan-genteng-f49fb30b-5b97-41b6-b66c-924da5d72fba/reviews,"enak tp syang udang keju yg 2 biji gada kejunya🥲😭, nangissss😭😭",5.0,Mie Iblis lv 3 - Mie Iblis lv 1 - Udang Keju,Ordered on 26 March 2022,0,Buruk,,
1701446020-1556,https://gofood.co.id/en/surabaya/restaurant/mie-gacoan-genteng-f49fb30b-5b97-41b6-b66c-924da5d72fba/reviews,sukaa bgt dong fav soalnya😋,5.0,Mie Iblis lv 1 - Udang Rambutan,Ordered on 26 March 2022,1,Baik,,
1701446020-1557,https://gofood.co.id/en/surabaya/restaurant/mie-gacoan-genteng-f49fb30b-5b97-41b6-b66c-924da5d72fba/reviews,level 2 kurang pedas,4.0,Udang Keju - Mie Iblis lv 0 - Mie Iblis lv 2 - Mie Setan lv 2,Ordered on 25 March 2022,0,Buruk,,
1701446020-1558,https://gofood.co.id/en/surabaya/restaurant/mie-gacoan-genteng-f49fb30b-5b97-41b6-b66c-924da5d72fba/reviews,Rasanya enak dan memuaskan,5.0,Udang Rambutan,Ordered on 22 March 2022,1,Baik,,
1701446020-1559,https://gofood.co.id/en/surabaya/restaurant/mie-gacoan-genteng-f49fb30b-5b97-41b6-b66c-924da5d72fba/reviews,"Enakenakenak...mengenyangkan, bikin keringetan😊👍🏻👍🏻",5.0,Mie Iblis lv 3 - Mie Iblis lv 1,Ordered on 24 March 2022,1,Baik,,
1701446020-1560,https://gofood.co.id/en/surabaya/restaurant/mie-gacoan-genteng-f49fb30b-5b97-41b6-b66c-924da5d72fba/reviews,rasanya berkurang,4.0,Siomay - Udang Rambutan - Milo - Lumpia Udang - Udang Keju,Ordered on 22 March 2022,0,Buruk,,
1701446020-1561,https://gofood.co.id/en/surabaya/restaurant/mie-gacoan-genteng-f49fb30b-5b97-41b6-b66c-924da5d72fba/reviews,mantap jayaa chief junaa,5.0,Mie Iblis lv 1,Ordered on 22 March 2022,1,Baik,,
1701446020-1562,https://gofood.co.id/en/surabaya/restaurant/mie-gacoan-genteng-f49fb30b-5b97-41b6-b66c-924da5d72fba/reviews,Kemasannya mungkin bisa ditingkatkan memakai box yang menarik.,5.0,Mie Iblis lv 1 - Udang Rambutan,Ordered on 20 March 2022,0,Buruk,,
1701446020-1563,https://gofood.co.id/en/surabaya/restaurant/mie-gacoan-genteng-f49fb30b-5b97-41b6-b66c-924da5d72fba/reviews,"enak banget tp syang mie nya skg kecil""",5.0,Mie Setan lv 3 - Udang Keju,Ordered on 19 March 2022,0,Buruk,,
1701446020-1564,https://gofood.co.id/en/surabaya/restaurant/mie-gacoan-genteng-f49fb30b-5b97-41b6-b66c-924da5d72fba/reviews,saus nya dikit banget,5.0,Siomay - Udang Keju - Udang Rambutan - Tuyul,Ordered on 20 March 2022,0,Buruk,,
1701446020-1565,https://gofood.co.id/en/surabaya/restaurant/mie-gacoan-genteng-f49fb30b-5b97-41b6-b66c-924da5d72fba/reviews,makasiiii sudah,5.0,Mie Iblis lv 3 - Udang Rambutan - Mie Iblis lv 1 - Mie Iblis lv 4,Ordered on 19 March 2022,1,Baik,,
1701446020-1566,https://gofood.co.id/en/surabaya/restaurant/mie-gacoan-genteng-f49fb30b-5b97-41b6-b66c-924da5d72fba/reviews,minta pesan mi angel tapi dikasih cabe tlg diliat lagi agar lebih teliti pesanan customer,4.0,Udang Rambutan - Mie Angel - Mie Setan lv 1 - Lumpia Udang,Ordered on 18 March 2022,0,Buruk,,
1701446020-1567,https://gofood.co.id/en/surabaya/restaurant/mie-gacoan-genteng-f49fb30b-5b97-41b6-b66c-924da5d72fba/reviews,enaaaaakkkk...  lumpia udangnya... siiipppp....,5.0,Lumpia Udang - Mie Iblis lv 1,Ordered on 15 March 2022,1,Baik,,
1701446020-1568,https://gofood.co.id/en/surabaya/restaurant/mie-gacoan-genteng-f49fb30b-5b97-41b6-b66c-924da5d72fba/reviews,terlalu bnyk minyak,3.0,Udang Keju - Mie Angel,Ordered on 18 March 2022,0,Buruk,,
1701446020-1569,https://gofood.co.id/en/surabaya/restaurant/mie-gacoan-genteng-f49fb30b-5b97-41b6-b66c-924da5d72fba/reviews,pedesnya minta ampunnn dah😭👍🏼 trs mie nya pas menurutku enak lembek wkwkwk,5.0,Mie Iblis lv 3 - Mie Iblis lv 1 - Udang Keju,Ordered on 17 March 2022,1,Baik,,
1701446020-1570,https://gofood.co.id/en/surabaya/restaurant/mie-gacoan-genteng-f49fb30b-5b97-41b6-b66c-924da5d72fba/reviews,mantaapppppssss,5.0,Mie Iblis lv 3 - Mie Iblis lv 6 - Mie Iblis lv 4 - Udang Keju - Lumpia Udang,Ordered on 17 March 2022,1,Baik,,
1701446020-1571,https://gofood.co.id/en/surabaya/restaurant/mie-gacoan-genteng-f49fb30b-5b97-41b6-b66c-924da5d72fba/reviews,"mienya terlalu matang lembek jadinya, dan kurang asin sedikit",3.0,Udang Keju - Mie Iblis lv 4,Ordered on 17 March 2022,0,Buruk,,
1701446020-1572,https://gofood.co.id/en/surabaya/restaurant/mie-gacoan-genteng-f49fb30b-5b97-41b6-b66c-924da5d72fba/reviews,josssss pokoknya,5.0,Mie Iblis lv 4,Ordered on 17 March 2022,1,Baik,,
1701446020-1573,https://gofood.co.id/en/surabaya/restaurant/mie-gacoan-genteng-f49fb30b-5b97-41b6-b66c-924da5d72fba/reviews,makasi banyak kak,5.0,Mie Iblis lv 3 - Mie Iblis lv 1 - Udang Keju - Lumpia Udang,Ordered on 16 March 2022,1,Baik,,
1701446020-1574,https://gofood.co.id/en/surabaya/restaurant/mie-gacoan-genteng-f49fb30b-5b97-41b6-b66c-924da5d72fba/reviews,Agak eneg karena banyak minyak,3.0,Siomay - Udang Rambutan - Lemon Tea - Mie Angel,Ordered on 15 March 2022,0,Buruk,,
1701446020-1575,https://gofood.co.id/en/surabaya/restaurant/mie-gacoan-genteng-f49fb30b-5b97-41b6-b66c-924da5d72fba/reviews,mantap enak banget sip,5.0,Mie Iblis lv 2 - Mie Angel - Udang Rambutan,Ordered on 13 March 2022,1,Baik,,
1701446020-1576,https://gofood.co.id/en/surabaya/restaurant/mie-gacoan-genteng-f49fb30b-5b97-41b6-b66c-924da5d72fba/reviews,"baru pertama kali beli disini karna katanya enak, tapi pas dicoba mie Kober tetep lebih enak 😊",3.0,Mie Iblis lv 1 - Udang Rambutan - Udang Keju - Mie Iblis lv 0 - Siomay,Ordered on 13 March 2022,0,Buruk,,
1701446020-1577,https://gofood.co.id/en/surabaya/restaurant/mie-gacoan-genteng-f49fb30b-5b97-41b6-b66c-924da5d72fba/reviews,terima kasih enak makanannya,5.0,Mie Iblis lv 0 - Mie Iblis lv 1,Ordered on 13 March 2022,1,Baik,,
1701446020-1578,https://gofood.co.id/en/surabaya/restaurant/mie-gacoan-genteng-f49fb30b-5b97-41b6-b66c-924da5d72fba/reviews,rasa dimsam nya gak se enak biasanya,1.0,Udang Keju - Siomay - Lumpia Udang - Thai Green Tea,Ordered on 12 March 2022,0,Buruk,,
1701446020-1579,https://gofood.co.id/en/surabaya/restaurant/mie-gacoan-genteng-f49fb30b-5b97-41b6-b66c-924da5d72fba/reviews,minta extra saus selalu ga di kasi,4.0,Mie Iblis lv 8 - Lumpia Udang - Mie Iblis lv 3 - Mie Iblis lv 1 - Udang Rambutan,Ordered on 22 February 2022,0,Buruk,,
1701446020-1580,https://gofood.co.id/en/surabaya/restaurant/mie-gacoan-genteng-f49fb30b-5b97-41b6-b66c-924da5d72fba/reviews,"makin kesini ko making ngaco yaa rasanya, masa iya yang level 1 rasanya seperti level 4 sedangkan yang level 4 seperti level 1, padahal di foam makanan nya sudah ada tulisan level nya masing² saya harap pihak resto lebih teliti lagi ya untuk orderan masuk nya jangan ampe salah² mulu, ini kejadian udah kesekian kalinya looo sangat menyayangkan sekali jika harus terus berbuat salah karna kepuasan pelanggan adalah prioritas utama tapi kalau sering begini gimana dong ??? semoga kedepan nya bisa lebih baik lagi yaa🙏",2.0,Mie Iblis lv 1 - Mie Iblis lv 2 - Mie Iblis lv 4 - Mie Iblis lv 3 - Udang Rambutan - Udang Keju,Ordered on 11 March 2022,0,Buruk,,
1701446020-1581,https://gofood.co.id/en/surabaya/restaurant/mie-gacoan-genteng-f49fb30b-5b97-41b6-b66c-924da5d72fba/reviews,sepatah dua patah kata,5.0,Udang Keju - Udang Rambutan - Mie Setan lv 3,Ordered on 12 March 2022,5,Buruk,,
1701446020-1582,https://gofood.co.id/en/surabaya/restaurant/mie-gacoan-genteng-f49fb30b-5b97-41b6-b66c-924da5d72fba/reviews,"mienya terlalu matang jadi rasanya kurang enak, 3 kali beli rasanya ga seenak dulu plis🙂💔",3.0,Mie Iblis lv 3,Ordered on 11 March 2022,0,Buruk,,
1701446020-1583,https://gofood.co.id/en/surabaya/restaurant/mie-gacoan-genteng-f49fb30b-5b97-41b6-b66c-924da5d72fba/reviews,pesanan kurang 1 es sundel bolong coba di teliti !!!,1.0,Mie Iblis lv 3 - Mie Iblis lv 1 - Mie Iblis lv 0 - Siomay - Udang Keju - Sundelbolong - Milo - Thai Green Tea - Orange,Ordered on 11 March 2022,0,Buruk,,
1701446020-1584,https://gofood.co.id/en/surabaya/restaurant/mie-gacoan-genteng-f49fb30b-5b97-41b6-b66c-924da5d72fba/reviews,enakk banget lohh,5.0,Mie Iblis lv 1,Ordered on 11 March 2022,1,Baik,,
1701446020-1585,https://gofood.co.id/en/surabaya/restaurant/mie-gacoan-genteng-f49fb30b-5b97-41b6-b66c-924da5d72fba/reviews,rasa hambar yg angel,2.0,Udang Rambutan - Mie Iblis lv 0 - Mie Angel - Sundelbolong - Teh - Mie Setan lv 1,Ordered on 10 March 2022,0,Buruk,,
1701446020-1586,https://gofood.co.id/en/surabaya/restaurant/mie-gacoan-genteng-f49fb30b-5b97-41b6-b66c-924da5d72fba/reviews,waktu y kurang cepat,4.0,Udang Rambutan - Udang Keju,Ordered on 10 March 2022,0,Buruk,,
1701446020-1587,https://gofood.co.id/en/surabaya/restaurant/mie-gacoan-genteng-f49fb30b-5b97-41b6-b66c-924da5d72fba/reviews,saya suka banget,5.0,Mie Iblis lv 3,Ordered on 10 March 2022,1,Baik,,
1701446020-1588,https://gofood.co.id/en/surabaya/restaurant/mie-gacoan-genteng-f49fb30b-5b97-41b6-b66c-924da5d72fba/reviews,"Sambelnya keenceran rasanya kek bumbu rujak buah padahal biasanya enak, plis diperbaiki ya",3.0,Mie Setan lv 2 - Mie Angel - Udang Keju - Lumpia Udang - Milo - Teh,Ordered on 10 March 2022,0,Buruk,,
1701446020-1589,https://gofood.co.id/en/surabaya/restaurant/mie-gacoan-genteng-f49fb30b-5b97-41b6-b66c-924da5d72fba/reviews,"mie nya kecil,dan  rasa nya beda sama yg pas dimakan ditempat",3.0,Mie Iblis lv 2,Ordered on 9 March 2022,0,Buruk,,
1701446020-1590,https://gofood.co.id/en/surabaya/restaurant/mie-gacoan-genteng-f49fb30b-5b97-41b6-b66c-924da5d72fba/reviews,pelayanannya sangat cepat,5.0,Mie Iblis lv 8,Ordered on 8 March 2022,1,Baik,,
1701446020-1591,https://gofood.co.id/en/surabaya/restaurant/mie-gacoan-genteng-f49fb30b-5b97-41b6-b66c-924da5d72fba/reviews,mantap & murah bgt....thx...,5.0,Mie Iblis lv 3 - Mie Iblis lv 1 - Pangsit - Milo - Orange - Lumpia Udang,Ordered on 8 March 2022,1,Baik,,
1701446020-1592,https://gofood.co.id/en/surabaya/restaurant/mie-gacoan-genteng-f49fb30b-5b97-41b6-b66c-924da5d72fba/reviews,tidak ada perbedaan beda level pada kemasa,4.0,Mie Iblis lv 1 - Mie Setan lv 1 - Lumpia Udang - Udang Keju - Mie Setan lv 8 - Mie Angel - Teh - Sundelbolong,Ordered on 8 March 2022,0,Buruk,,
1701446020-1593,https://gofood.co.id/en/surabaya/restaurant/mie-gacoan-genteng-f49fb30b-5b97-41b6-b66c-924da5d72fba/reviews,pesen level 4 tapi dikasih yg tanpa cabe lain kali dilihat lagi ordernya biar pelanggan gk kecewa,1.0,Mie Setan lv 4 - Siomay - Udang Keju - Teh,Ordered on 8 March 2022,0,Buruk,,
1701446020-1594,https://gofood.co.id/en/surabaya/restaurant/mie-gacoan-genteng-f49fb30b-5b97-41b6-b66c-924da5d72fba/reviews,"lupluppp banyakk buat resto, untuk rasa jangan sampai berubahh",5.0,Udang Keju - Udang Rambutan - Mie Iblis lv 3 - Coklat - Teh,Ordered on 14 February 2022,1,Baik,,
1701446020-1595,https://gofood.co.id/en/surabaya/restaurant/mie-gacoan-genteng-f49fb30b-5b97-41b6-b66c-924da5d72fba/reviews,Selalu enak dan porsinya banyak 👍🏻,5.0,Udang Rambutan - Teh - Mie Iblis lv 2,Ordered on 7 March 2022,1,Baik,,
1701446020-1596,https://gofood.co.id/en/surabaya/restaurant/mie-gacoan-genteng-f49fb30b-5b97-41b6-b66c-924da5d72fba/reviews,murah dan selalu enak,5.0,Mie Angel - Siomay - Udang Rambutan,Ordered on 7 March 2022,1,Baik,,
1701446020-1597,https://gofood.co.id/en/surabaya/restaurant/mie-gacoan-genteng-f49fb30b-5b97-41b6-b66c-924da5d72fba/reviews,Hambar kabeh lur,3.0,Mie Iblis lv 3 - Udang Rambutan - Udang Keju,Ordered on 7 March 2022,0,Buruk,,
1701446020-1598,https://gofood.co.id/en/surabaya/restaurant/mie-gacoan-genteng-f49fb30b-5b97-41b6-b66c-924da5d72fba/reviews,porsinya bikin kenyang banget !!! next pasti order lagi... 😋👍,5.0,Udang Rambutan - Udang Keju - Mie Iblis lv 1 - Lumpia Udang,Ordered on 5 March 2022,1,Baik,,
1701446020-1599,https://gofood.co.id/en/surabaya/restaurant/mie-gacoan-genteng-f49fb30b-5b97-41b6-b66c-924da5d72fba/reviews,enak murah mengenyangkan,4.0,Mie Iblis lv 2 - Udang Keju - Mie Iblis lv 1,Ordered on 6 March 2022,1,Baik,,
1701446020-1600,https://gofood.co.id/en/surabaya/restaurant/mie-gacoan-genteng-f49fb30b-5b97-41b6-b66c-924da5d72fba/reviews,selalu enak tidak mengecewakan,5.0,Mie Setan lv 2 - Udang Keju,Ordered on 6 March 2022,1,Baik,,
1701446020-1601,https://gofood.co.id/en/surabaya/restaurant/mie-gacoan-genteng-f49fb30b-5b97-41b6-b66c-924da5d72fba/reviews,es poconge gaada tapi gapapa tak ksih bintang 5,5.0,Mie Iblis lv 1 - Mie Iblis lv 2 - Udang Keju - Siomay - Pocong,Ordered on 5 March 2022,0,Buruk,,
1701446020-1602,https://gofood.co.id/en/surabaya/restaurant/mie-gacoan-genteng-f49fb30b-5b97-41b6-b66c-924da5d72fba/reviews,"enak bangets, candu deh",5.0,Mie Iblis lv 1 - Udang Keju,Ordered on 6 March 2022,1,Baik,,
1701446020-1603,https://gofood.co.id/en/surabaya/restaurant/mie-gacoan-genteng-f49fb30b-5b97-41b6-b66c-924da5d72fba/reviews,enak banget porsinya pas semoga tambah berkembang ya,5.0,Mie Iblis lv 3 - Mie Setan lv 1,Ordered on 19 February 2022,1,Baik,,
1701446020-1604,https://gofood.co.id/en/surabaya/restaurant/mie-gacoan-genteng-f49fb30b-5b97-41b6-b66c-924da5d72fba/reviews,emang enakkk.Tapi order somay kok malah yg dateng udang keju :),5.0,Mie Iblis lv 4 - Siomay,Ordered on 6 March 2022,0,Buruk,,
1701446020-1605,https://gofood.co.id/en/surabaya/restaurant/mie-gacoan-genteng-f49fb30b-5b97-41b6-b66c-924da5d72fba/reviews,enak banget makanannya,5.0,Mie Iblis lv 1 - Siomay,Ordered on 5 March 2022,1,Baik,,
1701446020-1606,https://gofood.co.id/en/surabaya/restaurant/mie-gacoan-genteng-f49fb30b-5b97-41b6-b66c-924da5d72fba/reviews,emang paling 😘😍👍🏻,5.0,Mie Angel - Milo - Orange,Ordered on 5 March 2022,1,Baik,,
1701446020-1607,https://gofood.co.id/en/surabaya/restaurant/mie-gacoan-genteng-f49fb30b-5b97-41b6-b66c-924da5d72fba/reviews,"PEDASNYA ENAK, SAMPE TEMAN SAYA KEPEDASAN SEMUA TAPI UENAK POLLL",5.0,Mie Iblis lv 4 - Mie Iblis lv 6 - Mie Iblis lv 8,Ordered on 5 March 2022,1,Baik,,
1701446020-1608,https://gofood.co.id/en/surabaya/restaurant/mie-gacoan-genteng-f49fb30b-5b97-41b6-b66c-924da5d72fba/reviews,"HUH ENAKK BANGET PARAH, MURCE , RAMEE APALGI UDANG KEJU E MUANTEP WSSS ...",5.0,Udang Keju - Mie Iblis lv 2,Ordered on 4 March 2022,1,Baik,,
1701446020-1609,https://gofood.co.id/en/surabaya/restaurant/mie-gacoan-genteng-f49fb30b-5b97-41b6-b66c-924da5d72fba/reviews,siip mantapp pkoknya perthankan rasa dn kualiatasnya ya ceff,5.0,Mie Setan lv 2 - Mie Iblis lv 3 - Lumpia Udang - Udang Keju,Ordered on 4 March 2022,1,Baik,,
1701446020-1610,https://gofood.co.id/en/surabaya/restaurant/mie-gacoan-genteng-f49fb30b-5b97-41b6-b66c-924da5d72fba/reviews,enakkk bgtt🥰🥰🥰🥰,5.0,Mie Angel - Mie Iblis lv 3,Ordered on 4 March 2022,1,Baik,,
1701446020-1611,https://gofood.co.id/en/surabaya/restaurant/mie-gacoan-genteng-f49fb30b-5b97-41b6-b66c-924da5d72fba/reviews,makanan favorit 🥰🥰🥰,5.0,Mie Angel - Mie Iblis lv 3 - Mie Iblis lv 1 - Udang Rambutan - Udang Keju,Ordered on 27 February 2022,1,Baik,,
1701446020-1612,https://gofood.co.id/en/surabaya/restaurant/mie-gacoan-genteng-f49fb30b-5b97-41b6-b66c-924da5d72fba/reviews,enak pkoknya langganan deh sm gacoan,5.0,Udang Keju - Mie Angel,Ordered on 23 February 2022,1,Baik,,
1701446020-1613,https://gofood.co.id/en/surabaya/restaurant/mie-gacoan-genteng-f49fb30b-5b97-41b6-b66c-924da5d72fba/reviews,Enak si tapi ga ada sayurnya hehehe,3.0,Mie Iblis lv 1 - Udang Keju - Lumpia Udang,Ordered on 3 March 2022,5,Buruk,,
1701446020-1614,https://gofood.co.id/en/surabaya/restaurant/mie-gacoan-genteng-f49fb30b-5b97-41b6-b66c-924da5d72fba/reviews,"g pernah nyesel pesen disini, mantap
makasih",5.0,Udang Keju - Lumpia Udang - Udang Rambutan,Ordered on 3 March 2022,1,Baik,,
1701446020-1615,https://gofood.co.id/en/surabaya/restaurant/mie-gacoan-genteng-f49fb30b-5b97-41b6-b66c-924da5d72fba/reviews,makanan tak sesuai Orderan !,1.0,Mie Iblis lv 0 - Pangsit,Ordered on 3 March 2022,0,Buruk,,
1701446020-1616,https://gofood.co.id/en/surabaya/restaurant/mie-gacoan-genteng-f49fb30b-5b97-41b6-b66c-924da5d72fba/reviews,Pangsitnya terlalu over (rada gosong dikit),4.0,Mie Setan lv 6 - Mie Angel,Ordered on 2 March 2022,0,Buruk,,
1701446020-1617,https://gofood.co.id/en/surabaya/restaurant/mie-gacoan-genteng-f49fb30b-5b97-41b6-b66c-924da5d72fba/reviews,enk banget pokoknya makin love dech,5.0,Udang Rambutan - Mie Iblis lv 3 - Pangsit,Ordered on 2 March 2022,1,Baik,,
1701446020-1618,https://gofood.co.id/en/surabaya/restaurant/mie-gacoan-genteng-f49fb30b-5b97-41b6-b66c-924da5d72fba/reviews,syg semuaaa drifer maupun cheffnya,5.0,Mie Iblis lv 8 - Udang Keju - Mie Iblis lv 4,Ordered on 2 March 2022,1,Baik,,
1701446020-1619,https://gofood.co.id/en/surabaya/restaurant/mie-gacoan-genteng-f49fb30b-5b97-41b6-b66c-924da5d72fba/reviews,Lumpia nya cuman isi 1,1.0,Mie Iblis lv 1 - Udang Rambutan - Lumpia Udang - Pangsit - Mie Setan lv 3,Ordered on 2 March 2022,0,Buruk,,
1701446020-1620,https://gofood.co.id/en/surabaya/restaurant/mie-gacoan-genteng-f49fb30b-5b97-41b6-b66c-924da5d72fba/reviews,menurut saya mienya terlalu kering tp overall okey,3.0,Mie Setan lv 3 - Mie Iblis lv 2 - Lumpia Udang,Ordered on 2 March 2022,0,Buruk,,
1701446020-1621,https://gofood.co.id/en/surabaya/restaurant/mie-gacoan-genteng-f49fb30b-5b97-41b6-b66c-924da5d72fba/reviews,Mie nya agak lembek,4.0,Mie Iblis lv 1,Ordered on 25 February 2022,0,Buruk,,
1701446020-1622,https://gofood.co.id/en/surabaya/restaurant/mie-gacoan-genteng-f49fb30b-5b97-41b6-b66c-924da5d72fba/reviews,sangat² enak sekali masakan chef,5.0,Udang Keju - Udang Rambutan - Siomay,Ordered on 2 March 2022,1,Baik,,
1701446020-1623,https://gofood.co.id/en/surabaya/restaurant/mie-gacoan-genteng-f49fb30b-5b97-41b6-b66c-924da5d72fba/reviews,mienya terlalu kering,4.0,Mie Iblis lv 1 - Lumpia Udang - Mie Iblis lv 3 - Udang Keju - Mie Iblis lv 2 - Mie Iblis lv 6,Ordered on 1 March 2022,0,Buruk,,
1701446020-1624,https://gofood.co.id/en/surabaya/restaurant/mie-gacoan-genteng-f49fb30b-5b97-41b6-b66c-924da5d72fba/reviews,"kecewa bgt sih, pesanan dimsum tidak sesuai. padahal lagi ngidam bgt sama udang keju, eehh yg datang kok udang rambutan semua. dan teksture mie nya terlalu lembek gak kayak biasanya deh...",3.0,Mie Iblis lv 3 - Udang Rambutan - Udang Keju,Ordered on 1 March 2022,0,Buruk,,
1701446020-1625,https://gofood.co.id/en/surabaya/restaurant/mie-gacoan-genteng-f49fb30b-5b97-41b6-b66c-924da5d72fba/reviews,enak bangettttttt mau nangis,5.0,Mie Iblis lv 4,Ordered on 28 February 2022,1,Baik,,
1701446020-1626,https://gofood.co.id/en/surabaya/restaurant/mie-gacoan-genteng-f49fb30b-5b97-41b6-b66c-924da5d72fba/reviews,i wuf yuu mi gacoan😣❤️,5.0,Mie Iblis lv 3 - Genderuwo,Ordered on 28 February 2022,1,Baik,,
1701446020-1627,https://gofood.co.id/en/surabaya/restaurant/mie-gacoan-genteng-f49fb30b-5b97-41b6-b66c-924da5d72fba/reviews,"lebih teliti dalam menyiapkan pesanan. ini saya barusan order ,salah satu e, 1 TDK pedas (level 0) malah ada sisa taruh sambal dipinggir(waktu dicek setelah anak nngis kepedesan).alhasil anak saya kepedesan dan tidak dimakan.padahal udh pengen makan mie",4.0,Mie Iblis lv 0 - Mie Iblis lv 2 - Udang Rambutan - Siomay - Mie Iblis lv 1,Ordered on 27 February 2022,0,Buruk,,
1701446020-1628,https://gofood.co.id/en/surabaya/restaurant/mie-gacoan-genteng-f49fb30b-5b97-41b6-b66c-924da5d72fba/reviews,gorengannya dibedakan dung tempatnya biar ga melempem,5.0,Mie Iblis lv 3 - Mie Setan lv 2 - Mie Iblis lv 1 - Genderuwo,Ordered on 26 February 2022,0,Buruk,,
1701446020-1629,https://gofood.co.id/en/surabaya/restaurant/mie-gacoan-genteng-f49fb30b-5b97-41b6-b66c-924da5d72fba/reviews,gorengan nya enak,5.0,Mie Iblis lv 1,Ordered on 26 February 2022,1,Baik,,
1701446020-1630,https://gofood.co.id/en/surabaya/restaurant/mie-gacoan-genteng-f49fb30b-5b97-41b6-b66c-924da5d72fba/reviews,kualitas mantap,5.0,Mie Iblis lv 3 - Udang Keju - Mie Iblis lv 1 - Mie Angel,Ordered on 25 February 2022,1,Baik,,
1701446020-1631,https://gofood.co.id/en/surabaya/restaurant/mie-gacoan-genteng-f49fb30b-5b97-41b6-b66c-924da5d72fba/reviews,"sayang nya sterofoam nya ga ditulisan level nya ,jadi bingung",4.0,Udang Rambutan - Mie Iblis lv 3 - Mie Iblis lv 4,Ordered on 25 February 2022,0,Buruk,,
1701446020-1632,https://gofood.co.id/en/surabaya/restaurant/mie-gacoan-genteng-f49fb30b-5b97-41b6-b66c-924da5d72fba/reviews,driver nya ramah,5.0,Mie Setan lv 3,Ordered on 25 February 2022,5,Buruk,,
1701446020-1633,https://gofood.co.id/en/surabaya/restaurant/mie-gacoan-genteng-f49fb30b-5b97-41b6-b66c-924da5d72fba/reviews,enak banget loch,5.0,Mie Iblis lv 3 - Udang Keju - Mie Iblis lv 1,Ordered on 25 February 2022,1,Baik,,
1701446020-1634,https://gofood.co.id/en/surabaya/restaurant/mie-gacoan-genteng-f49fb30b-5b97-41b6-b66c-924da5d72fba/reviews,porsinya kurang,4.0,Mie Iblis lv 6,Ordered on 25 February 2022,0,Buruk,,
1701446020-1635,https://gofood.co.id/en/surabaya/restaurant/mie-gacoan-genteng-f49fb30b-5b97-41b6-b66c-924da5d72fba/reviews,"penataan kurang bgus , makanan pada numplek",2.0,Mie Iblis lv 3 - Udang Keju - Siomay,Ordered on 25 February 2022,0,Buruk,,
1701446020-1636,https://gofood.co.id/en/surabaya/restaurant/mie-gacoan-genteng-f49fb30b-5b97-41b6-b66c-924da5d72fba/reviews,"udang rambutannya masih ada yang mentah, sangat mengecewakan",1.0,Mie Angel - Udang Keju - Udang Rambutan - Lumpia Udang - Mie Iblis lv 2 - Tuyul,Ordered on 24 February 2022,0,Buruk,,
1701446020-1637,https://gofood.co.id/en/surabaya/restaurant/mie-gacoan-genteng-f49fb30b-5b97-41b6-b66c-924da5d72fba/reviews,tambahin porsinya dong chef :),5.0,Mie Iblis lv 8 - Pangsit,Ordered on 25 February 2022,5,Buruk,,
1701446020-1638,https://gofood.co.id/en/surabaya/restaurant/mie-gacoan-genteng-f49fb30b-5b97-41b6-b66c-924da5d72fba/reviews,mlaku mlaku nak Tunjungan wueenakk tenan....,5.0,Mie Iblis lv 1 - Mie Iblis lv 3 - Udang Rambutan - Udang Keju,Ordered on 24 February 2022,1,Baik,,
1701446020-1639,https://gofood.co.id/en/surabaya/restaurant/mie-gacoan-genteng-f49fb30b-5b97-41b6-b66c-924da5d72fba/reviews,enak. mienya banyak,5.0,Mie Iblis lv 1 - Mie Iblis lv 2,Ordered on 24 February 2022,1,Baik,,
1701446020-1640,https://gofood.co.id/en/surabaya/restaurant/mie-gacoan-genteng-f49fb30b-5b97-41b6-b66c-924da5d72fba/reviews,enak bngett... apa lagi udang keju nya(๑˃̵　ᴗ　˂̵)و,5.0,Udang Keju - Mie Iblis lv 2,Ordered on 24 February 2022,1,Baik,,
1701446020-1641,https://gofood.co.id/en/surabaya/restaurant/mie-gacoan-genteng-f49fb30b-5b97-41b6-b66c-924da5d72fba/reviews,enak syg antrii,5.0,Mie Iblis lv 3 - Udang Keju - Mie Iblis lv 1 - Lumpia Udang - Udang Rambutan,Ordered on 6 February 2022,1,Baik,,
1701446020-1642,https://gofood.co.id/en/surabaya/restaurant/mie-gacoan-genteng-f49fb30b-5b97-41b6-b66c-924da5d72fba/reviews,mie gacoan emang gak ada duanya... tapi antrinya itu yang mebosankan,5.0,Mie Iblis lv 1 - Ceker,Ordered on 20 February 2022,1,Baik,,
1701446020-1643,https://gofood.co.id/en/surabaya/restaurant/mie-gacoan-genteng-f49fb30b-5b97-41b6-b66c-924da5d72fba/reviews,Rasa sesuai dengan harga,3.0,Mie Iblis lv 1 - Mie Iblis lv 0 - Udang Rambutan - Siomay,Ordered on 21 February 2022,1,Baik,,
1701446020-1644,https://gofood.co.id/en/surabaya/restaurant/mie-gacoan-genteng-f49fb30b-5b97-41b6-b66c-924da5d72fba/reviews,"Inspired by cwimie Malangkah? Pastinya selalu jadi : yang terenak , yang tersimpel, yang terhits, yang terjangkau harganya, dan yang terlama antriannya😍👍👍",5.0,Mie Iblis lv 1 - Mie Iblis lv 0,Ordered on 22 February 2022,1,Baik,,
1701446020-1645,https://gofood.co.id/en/surabaya/restaurant/mie-gacoan-genteng-f49fb30b-5b97-41b6-b66c-924da5d72fba/reviews,puas bgt...rasanya enak. layanannya cepet.,5.0,Mie Iblis lv 3 - Mie Iblis lv 2 - Genderuwo - Thai Green Tea,Ordered on 22 February 2022,1,Baik,,
1701446020-1646,https://gofood.co.id/en/surabaya/restaurant/mie-gacoan-genteng-f49fb30b-5b97-41b6-b66c-924da5d72fba/reviews,mantul dah kesukaan saya mie gacoan.....,5.0,Mie Iblis lv 1 - Mie Iblis lv 0 - Pangsit,Ordered on 22 February 2022,1,Baik,,
1701446020-1647,https://gofood.co.id/en/surabaya/restaurant/mie-gacoan-genteng-f49fb30b-5b97-41b6-b66c-924da5d72fba/reviews,sayang deh sama chef nya enak banget mie nya,5.0,Mie Iblis lv 1 - Mie Iblis lv 2 - Udang Rambutan,Ordered on 21 February 2022,1,Baik,,
1701446020-1648,https://gofood.co.id/en/surabaya/restaurant/mie-gacoan-genteng-f49fb30b-5b97-41b6-b66c-924da5d72fba/reviews,"ntaps lah, pokoknya",5.0,Mie Iblis lv 4 - Mie Angel - Siomay - Udang Rambutan - Thai Tea Ori - Milo,Ordered on 18 February 2022,1,Baik,,
1701446020-1649,https://gofood.co.id/en/surabaya/restaurant/mie-gacoan-genteng-f49fb30b-5b97-41b6-b66c-924da5d72fba/reviews,drivernya kurang aja. aku pesen mie. mie ku dituker sama sneck pangsitnya ojol. masa aku di kasih makan pangsit sekotak,1.0,Mie Iblis lv 3 - Udang Keju,Ordered on 21 February 2022,5,Buruk,,
1701446020-1650,https://gofood.co.id/en/surabaya/restaurant/mie-gacoan-genteng-f49fb30b-5b97-41b6-b66c-924da5d72fba/reviews,"rasanya enak, kurirnya jg baik",5.0,Mie Iblis lv 0 - Mie Iblis lv 2 - Udang Keju - Udang Rambutan,Ordered on 20 February 2022,1,Baik,,
1701446020-1651,https://gofood.co.id/en/surabaya/restaurant/mie-gacoan-genteng-f49fb30b-5b97-41b6-b66c-924da5d72fba/reviews,semakin parah padahal langganan sering salah level dan skrng asinnn buaanget kayak makan garam !!!!!kecewa pdhal langganan !!!!,2.0,Udang Rambutan - Mie Iblis lv 1,Ordered on 20 February 2022,0,Buruk,,
1701446020-1652,https://gofood.co.id/en/surabaya/restaurant/mie-gacoan-genteng-f49fb30b-5b97-41b6-b66c-924da5d72fba/reviews,mantapp dan enak,5.0,Mie Iblis lv 3 - Mie Setan lv 2 - Mie Iblis lv 0 - Mie Iblis lv 2,Ordered on 20 February 2022,1,Baik,,
1701446020-1653,https://gofood.co.id/en/surabaya/restaurant/mie-gacoan-genteng-f49fb30b-5b97-41b6-b66c-924da5d72fba/reviews,enak tapi pangsit goreng nya tambah kecil isian ayam nya juga tambah dikit bgt gak kayak pertama kali,4.0,Mie Setan lv 1 - Mie Iblis lv 1 - Siomay,Ordered on 20 February 2022,0,Buruk,,
1701446020-1654,https://gofood.co.id/en/surabaya/restaurant/mie-gacoan-genteng-f49fb30b-5b97-41b6-b66c-924da5d72fba/reviews,"Udang rambutannya buat aku terlalu asin, untuk mie sama udang kejunya oke",4.0,Udang Rambutan - Udang Keju - Mie Iblis lv 1,Ordered on 19 February 2022,0,Buruk,,
1701446020-1655,https://gofood.co.id/en/surabaya/restaurant/mie-gacoan-genteng-f49fb30b-5b97-41b6-b66c-924da5d72fba/reviews,terimakasih pak,5.0,Udang Rambutan - Mie Angel - Mie Setan lv 4,Ordered on 19 February 2022,1,Baik,,
1701446020-1656,https://gofood.co.id/en/surabaya/restaurant/mie-gacoan-genteng-f49fb30b-5b97-41b6-b66c-924da5d72fba/reviews,"minyak nya jangan banyak"" secukupnya saja karna buat sakit tenggorokan",4.0,Mie Iblis lv 0 - Siomay,Ordered on 16 February 2022,0,Buruk,,
1701446020-1657,https://gofood.co.id/en/surabaya/restaurant/mie-gacoan-genteng-f49fb30b-5b97-41b6-b66c-924da5d72fba/reviews,gorengannya jemek banget tidak seperti dulu,4.0,Mie Iblis lv 3 - Mie Iblis lv 0 - Udang Rambutan,Ordered on 3 February 2022,0,Buruk,,
1701446020-1658,https://gofood.co.id/en/surabaya/restaurant/mie-gacoan-genteng-f49fb30b-5b97-41b6-b66c-924da5d72fba/reviews,"salah kirim pesanan, pesen level 3 tapi yang datang level 1, gak sekali dua kali loh salah kirim gini, untung enak jadi gapapa. agak maklum sih soalnya gacoan kan antree panjang bnaget, tapi lain kali semoga diperhatikan lagi yaa",4.0,Mie Iblis lv 3 - Udang Rambutan,Ordered on 18 February 2022,0,Buruk,,
1701446020-1659,https://gofood.co.id/en/surabaya/restaurant/mie-gacoan-genteng-f49fb30b-5b97-41b6-b66c-924da5d72fba/reviews,"too much oil sy sampe niriskan mie yg tenggelam sm minyak. alhasil stlh mkn mie tenggorokan sakit pdhl mie angel yg gak pedes next, pls jgn terlalu banyak minyak masaknya",3.0,Udang Rambutan - Mie Angel - Mie Iblis lv 0,Ordered on 16 February 2022,1,Baik,,
1701446020-1660,https://gofood.co.id/en/surabaya/restaurant/mie-gacoan-genteng-f49fb30b-5b97-41b6-b66c-924da5d72fba/reviews,kali ini mie nya asin poll....,2.0,Mie Angel,Ordered on 18 February 2022,0,Buruk,,
1701446020-1661,https://gofood.co.id/en/surabaya/restaurant/mie-gacoan-genteng-f49fb30b-5b97-41b6-b66c-924da5d72fba/reviews,tumben banget tadi pangsitnya asiiiiiiin banget,3.0,Udang Keju - Udang Rambutan - Mie Iblis lv 0,Ordered on 18 February 2022,0,Buruk,,
1701446020-1662,https://gofood.co.id/en/surabaya/restaurant/mie-gacoan-genteng-f49fb30b-5b97-41b6-b66c-924da5d72fba/reviews,"maaf min, tumben bgt ya rasa masakannya asin bgtt huhu ga kek biasanyaaaaa tp tetep enak si, tapi ya gitu ga seenak biasanya, efek antre kali yaa😁🙏🏻",4.0,Mie Iblis lv 3 - Udang Rambutan - Udang Keju - Genderuwo,Ordered on 18 February 2022,0,Buruk,,
1701446020-1663,https://gofood.co.id/en/surabaya/restaurant/mie-gacoan-genteng-f49fb30b-5b97-41b6-b66c-924da5d72fba/reviews,"kerupuk pangsit nya makin dikurangin, apa karena pake diskon? tapi overall mie sama udang keju nya mantep sih, thank u",5.0,Udang Keju - Mie Iblis lv 1 - Mie Iblis lv 4,Ordered on 18 February 2022,0,Buruk,,
1701446020-1664,https://gofood.co.id/en/surabaya/restaurant/mie-gacoan-genteng-f49fb30b-5b97-41b6-b66c-924da5d72fba/reviews,"Mood dirusak sendiri, dibenerin sendiri.
Nyalahin diri sendiri abis itu damai sama diri sendiri, terus aja gitu.
Mandiri banget kann:""))",5.0,Mie Iblis lv 1 - Udang Keju - Udang Rambutan - Lumpia Udang,Ordered on 18 February 2022,5,Buruk,,
1701446020-1665,https://gofood.co.id/en/surabaya/restaurant/mie-gacoan-genteng-f49fb30b-5b97-41b6-b66c-924da5d72fba/reviews,semuanya mantap👍,5.0,Mie Setan lv 2 - Mie Iblis lv 4 - Udang Rambutan,Ordered on 17 February 2022,1,Baik,,
1701446020-1666,https://gofood.co.id/en/surabaya/restaurant/mie-gacoan-genteng-f49fb30b-5b97-41b6-b66c-924da5d72fba/reviews,sayng bnyk bgt minyaknya🤣,5.0,Mie Setan lv 6 - Udang Rambutan - Udang Keju,Ordered on 16 February 2022,0,Buruk,,
1701446020-1667,https://gofood.co.id/en/surabaya/restaurant/mie-gacoan-genteng-f49fb30b-5b97-41b6-b66c-924da5d72fba/reviews,Sayang deh sama chef nya,5.0,Mie Setan lv 1 - Mie Iblis lv 2 - Mie Iblis lv 0 - Siomay - Udang Keju - Mie Iblis lv 1,Ordered on 14 February 2022,1,Baik,,
1701446020-1668,https://gofood.co.id/en/surabaya/restaurant/mie-gacoan-genteng-f49fb30b-5b97-41b6-b66c-924da5d72fba/reviews,gacoan numberwan enak poll,5.0,Mie Iblis lv 1 - Mie Setan lv 1,Ordered on 16 February 2022,1,Baik,,
1701446020-1669,https://gofood.co.id/en/surabaya/restaurant/mie-gacoan-genteng-f49fb30b-5b97-41b6-b66c-924da5d72fba/reviews,Terbaik poll mantaapp,5.0,Mie Iblis lv 1 - Udang Rambutan - Udang Keju - Lumpia Udang,Ordered on 16 February 2022,1,Baik,,
1701446020-1670,https://gofood.co.id/en/surabaya/restaurant/mie-gacoan-genteng-f49fb30b-5b97-41b6-b66c-924da5d72fba/reviews,enak bgttttttttttt,5.0,Mie Iblis lv 1 - Mie Iblis lv 2 - Mie Iblis lv 4,Ordered on 15 February 2022,1,Baik,,
1701446020-1671,https://gofood.co.id/en/surabaya/restaurant/mie-gacoan-genteng-f49fb30b-5b97-41b6-b66c-924da5d72fba/reviews,biasa aja tapi lumayan lah,4.0,Mie Iblis lv 3 - Mie Iblis lv 1,Ordered on 16 February 2022,1,Baik,,
1701446020-1672,https://gofood.co.id/en/surabaya/restaurant/mie-gacoan-genteng-f49fb30b-5b97-41b6-b66c-924da5d72fba/reviews,mienya tambah gak enak,1.0,Mie Iblis lv 1 - Udang Rambutan,Ordered on 16 February 2022,0,Buruk,,
1701446020-1673,https://gofood.co.id/en/surabaya/restaurant/mie-gacoan-genteng-f49fb30b-5b97-41b6-b66c-924da5d72fba/reviews,Sayang bgt suka tutup di gojeknya,5.0,Mie Setan lv 1,Ordered on 3 February 2022,5,Buruk,,
1701446020-1674,https://gofood.co.id/en/surabaya/restaurant/mie-gacoan-genteng-f49fb30b-5b97-41b6-b66c-924da5d72fba/reviews,"gk tau bener apa salah, ini jenis mie nya beda ya? soalnya kok jd beda aja. utk rasa, tetep sama cuma tolong, dimsumnya jangan gosong-gosong ya. agak pahit jadinya.",4.0,Udang Keju - Mie Iblis lv 3 - Lumpia Udang,Ordered on 15 February 2022,0,Buruk,,
1701446020-1675,https://gofood.co.id/en/surabaya/restaurant/mie-gacoan-genteng-f49fb30b-5b97-41b6-b66c-924da5d72fba/reviews,mie hanya rasa pedas tidak gurih...,3.0,Udang Keju - Udang Rambutan - Mie Angel - Mie Iblis lv 2,Ordered on 15 February 2022,0,Buruk,,
1701446020-1676,https://gofood.co.id/en/surabaya/restaurant/mie-gacoan-genteng-f49fb30b-5b97-41b6-b66c-924da5d72fba/reviews,aga terlalu berminyak,5.0,Mie Angel - Udang Rambutan - Udang Keju,Ordered on 15 February 2022,0,Buruk,,
1701446020-1677,https://gofood.co.id/en/surabaya/restaurant/mie-gacoan-genteng-f49fb30b-5b97-41b6-b66c-924da5d72fba/reviews,Mienya terlalu kering.,5.0,Mie Setan lv 2 - Pangsit - Udang Keju,Ordered on 15 February 2022,0,Buruk,,
1701446020-1678,https://gofood.co.id/en/surabaya/restaurant/mie-gacoan-genteng-f49fb30b-5b97-41b6-b66c-924da5d72fba/reviews,maaf ya rasanya gk sesuai ekspetasiku..anyep g ada rasanya sama skali...masih enk mie indomie tambah sambal sendiri...heran npa orang pada antri sampe sgitunya pdhl rasanya b aja..lbh enk bikin sendiri resep byk di youtube...,1.0,Udang Rambutan - Mie Iblis lv 1 - Mie Angel - Pangsit,Ordered on 14 February 2022,0,Buruk,,
1701446020-1679,https://gofood.co.id/en/surabaya/restaurant/mie-gacoan-genteng-f49fb30b-5b97-41b6-b66c-924da5d72fba/reviews,Bintang seribuuu kalau bisaaa,5.0,Mie Iblis lv 1 - Udang Rambutan - Udang Keju - Siomay - Pangsit,Ordered on 13 February 2022,1,Baik,,
1701446020-1680,https://gofood.co.id/en/surabaya/restaurant/mie-gacoan-genteng-f49fb30b-5b97-41b6-b66c-924da5d72fba/reviews,"ramah, enak, baik",5.0,Mie Iblis lv 3 - Mie Iblis lv 4 - Mie Iblis lv 2 - Pangsit,Ordered on 13 February 2022,1,Baik,,
1701446020-1681,https://gofood.co.id/en/surabaya/restaurant/mie-gacoan-genteng-f49fb30b-5b97-41b6-b66c-924da5d72fba/reviews,"mienya agak tengik, udang keju nyaa kejunya ga meleleh",4.0,Mie Iblis lv 8 - Udang Keju - Lumpia Udang,Ordered on 12 February 2022,0,Buruk,,
1701446020-1682,https://gofood.co.id/en/surabaya/restaurant/mie-gacoan-genteng-f49fb30b-5b97-41b6-b66c-924da5d72fba/reviews,"kadang level sama pedesnya beda,sdh sering sekali",1.0,Mie Iblis lv 1 - Mie Iblis lv 3,Ordered on 10 February 2022,0,Buruk,,
1701446020-1683,https://gofood.co.id/en/surabaya/restaurant/mie-gacoan-genteng-f49fb30b-5b97-41b6-b66c-924da5d72fba/reviews,tumben enak mie nya,5.0,Mie Setan lv 4 - Siomay - Teh,Ordered on 11 February 2022,1,Baik,,
1701446020-1684,https://gofood.co.id/en/surabaya/restaurant/mie-gacoan-genteng-f49fb30b-5b97-41b6-b66c-924da5d72fba/reviews,best sekali... tanpa harus antri sampek dromos👍👍👍👍,5.0,Udang Keju - Mie Setan lv 3 - Lumpia Udang,Ordered on 10 February 2022,1,Baik,,
1701446020-1685,https://gofood.co.id/en/surabaya/restaurant/mie-gacoan-genteng-f49fb30b-5b97-41b6-b66c-924da5d72fba/reviews,tambahin porsinya dong chef..mksii,5.0,Mie Iblis lv 0 - Mie Iblis lv 1 - Mie Iblis lv 8 - Mie Iblis lv 4 - Siomay - Lumpia Udang,Ordered on 10 February 2022,0,Buruk,,
1701446020-1686,https://gofood.co.id/en/surabaya/restaurant/mie-gacoan-genteng-f49fb30b-5b97-41b6-b66c-924da5d72fba/reviews,makanannya bikin keringatan,5.0,Mie Iblis lv 3 - Udang Rambutan,Ordered on 10 February 2022,1,Baik,,
1701446020-1687,https://gofood.co.id/en/surabaya/restaurant/mie-gacoan-genteng-f49fb30b-5b97-41b6-b66c-924da5d72fba/reviews,"terima kasih bapak, sehat selalu",5.0,Siomay - Udang Rambutan - Lumpia Udang - Udang Keju,Ordered on 9 February 2022,1,Baik,,
1701446020-1688,https://gofood.co.id/en/surabaya/restaurant/mie-gacoan-genteng-f49fb30b-5b97-41b6-b66c-924da5d72fba/reviews,mantul pokok nya,5.0,Mie Iblis lv 3 - Udang Rambutan - Mie Iblis lv 2,Ordered on 7 February 2022,1,Baik,,
1701446020-1689,https://gofood.co.id/en/surabaya/restaurant/mie-gacoan-genteng-f49fb30b-5b97-41b6-b66c-924da5d72fba/reviews,enak bet kata ilhammmmmmmmmmmmm,5.0,Udang Rambutan,Ordered on 9 February 2022,1,Baik,,
1701446020-1690,https://gofood.co.id/en/surabaya/restaurant/mie-gacoan-genteng-f49fb30b-5b97-41b6-b66c-924da5d72fba/reviews,rasanya beda sm cabang lain,3.0,Mie Iblis lv 3 - Udang Rambutan,Ordered on 8 February 2022,0,Buruk,,
1701446020-1691,https://gofood.co.id/en/surabaya/restaurant/mie-gacoan-genteng-f49fb30b-5b97-41b6-b66c-924da5d72fba/reviews,sambelnya yg buat dimsum kurang wkkw tp gpp enak ko,5.0,Udang Rambutan - Mie Iblis lv 1 - Mie Setan lv 4,Ordered on 8 February 2022,0,Buruk,,
1701446020-1692,https://gofood.co.id/en/surabaya/restaurant/mie-gacoan-genteng-f49fb30b-5b97-41b6-b66c-924da5d72fba/reviews,"makasihhh kakak2 crew gacoan, cinta dehh😍",5.0,Mie Iblis lv 8 - Udang Keju - Lumpia Udang,Ordered on 8 February 2022,1,Baik,,
1701446020-1693,https://gofood.co.id/en/surabaya/restaurant/mie-gacoan-genteng-f49fb30b-5b97-41b6-b66c-924da5d72fba/reviews,"mantap, suka sama mie nya dan rasanya",5.0,Mie Iblis lv 3 - Mie Angel - Mie Iblis lv 4,Ordered on 7 February 2022,1,Baik,,
1701446020-1694,https://gofood.co.id/en/surabaya/restaurant/mie-gacoan-genteng-f49fb30b-5b97-41b6-b66c-924da5d72fba/reviews,"mbak nya ramah,baik,dan sopan sukses slalu untuk mbak nya",5.0,Mie Setan lv 3 - Mie Setan lv 8 - Udang Rambutan - Siomay,Ordered on 7 February 2022,1,Baik,,
1701446020-1695,https://gofood.co.id/en/surabaya/restaurant/mie-gacoan-genteng-f49fb30b-5b97-41b6-b66c-924da5d72fba/reviews,porsinya sedikiiiiittttt mnurut aku hehe,3.0,Mie Iblis lv 3,Ordered on 26 January 2022,0,Buruk,,
1701446020-1696,https://gofood.co.id/en/surabaya/restaurant/mie-gacoan-genteng-f49fb30b-5b97-41b6-b66c-924da5d72fba/reviews,mantull bosskuh,5.0,Mie Iblis lv 1 - Mie Iblis lv 3 - Mie Iblis lv 8 - Udang Rambutan - Mie Iblis lv 4 - Mie Iblis lv 2 - Lumpia Udang,Ordered on 6 February 2022,1,Baik,,
1701446020-1697,https://gofood.co.id/en/surabaya/restaurant/mie-gacoan-genteng-f49fb30b-5b97-41b6-b66c-924da5d72fba/reviews,"Level nya sepertinya ketukar 😅 . maaf ya gacoan, tapi soal rasa is great!!",2.0,Mie Iblis lv 1 - Udang Keju - Mie Iblis lv 4,Ordered on 1 February 2022,0,Buruk,,
1701446020-1698,https://gofood.co.id/en/surabaya/restaurant/mie-gacoan-genteng-f49fb30b-5b97-41b6-b66c-924da5d72fba/reviews,enakkkk tapi sayang ... PELIT BUMBU DIMSUM ... cb cantumin aja gpp kita beli... dr pd pembeli sedih,5.0,Udang Keju - Mie Iblis lv 1 - Lumpia Udang - Mie Iblis lv 6,Ordered on 5 February 2022,0,Buruk,,
1701446020-1699,https://gofood.co.id/en/surabaya/restaurant/mie-gacoan-genteng-f49fb30b-5b97-41b6-b66c-924da5d72fba/reviews,pesanannya kurang 1.  kenapa rasanya manis semua. padahal sampai level 4.,1.0,Mie Iblis lv 1 - Mie Iblis lv 2 - Mie Iblis lv 3 - Mie Iblis lv 4 - Mie Iblis lv 0 - Lumpia Udang - Udang Keju - Milo,Ordered on 6 February 2022,0,Buruk,,
1701446020-1700,https://gofood.co.id/en/surabaya/restaurant/mie-gacoan-genteng-f49fb30b-5b97-41b6-b66c-924da5d72fba/reviews,kurang ada rasa . dan terlalu banyak minyak .,2.0,Mie Iblis lv 1 - Lumpia Udang,Ordered on 3 February 2022,0,Buruk,,
1701446020-1701,https://gofood.co.id/en/surabaya/restaurant/mie-gacoan-genteng-f49fb30b-5b97-41b6-b66c-924da5d72fba/reviews,Mie sama udang rambutannya enak kerasa banget dagingnya . cuma kulit pangsit dari udang rambutannya ada yang kurang mateng bagian dalamnya .,5.0,Udang Rambutan - Mie Iblis lv 2 - Teh,Ordered on 5 February 2022,1,Baik,,
1701446020-1702,https://gofood.co.id/en/surabaya/restaurant/mie-gacoan-genteng-f49fb30b-5b97-41b6-b66c-924da5d72fba/reviews,"inj gimana, pesenan orang malah dikasih ke saya. saya mau makan gabisa krn kasian org yg beli malah salah dpt pesanan. segera diproses y🙏🏻",1.0,Mie Iblis lv 1,Ordered on 5 February 2022,0,Buruk,,
1701446020-1703,https://gofood.co.id/en/surabaya/restaurant/mie-gacoan-genteng-f49fb30b-5b97-41b6-b66c-924da5d72fba/reviews,wuenaaaakkk poolll,5.0,Mie Iblis lv 3 - Thai Green Tea - Coklat - Mie Angel - Udang Rambutan,Ordered on 1 February 2022,1,Baik,,
1701446020-1704,https://gofood.co.id/en/surabaya/restaurant/mie-gacoan-genteng-f49fb30b-5b97-41b6-b66c-924da5d72fba/reviews,good mantap enak,5.0,Mie Iblis lv 0 - Mie Iblis lv 1,Ordered on 11 January 2022,1,Baik,,
1701446020-1705,https://gofood.co.id/en/surabaya/restaurant/mie-gacoan-genteng-f49fb30b-5b97-41b6-b66c-924da5d72fba/reviews,Good bgt,5.0,Udang Keju - Mie Iblis lv 3 - Mie Iblis lv 4 - Siomay,Ordered on 5 February 2022,1,Baik,,
1701446020-1706,https://gofood.co.id/en/surabaya/restaurant/mie-gacoan-genteng-f49fb30b-5b97-41b6-b66c-924da5d72fba/reviews,rasanya oke tapi kemasannya lebih bagus lagi dongg,5.0,Mie Iblis lv 3 - Udang Rambutan - Udang Keju - Siomay,Ordered on 4 February 2022,0,Buruk,,
1701446020-1707,https://gofood.co.id/en/surabaya/restaurant/mie-gacoan-genteng-f49fb30b-5b97-41b6-b66c-924da5d72fba/reviews,mie nya terlalu lembek😌,3.0,Mie Setan lv 3 - Udang Rambutan,Ordered on 4 February 2022,0,Buruk,,
1701446020-1708,https://gofood.co.id/en/surabaya/restaurant/mie-gacoan-genteng-f49fb30b-5b97-41b6-b66c-924da5d72fba/reviews,Mantap 👍👍 Pertahananin terus kualitasnya yaaah !!,5.0,Mie Iblis lv 1 - Udang Keju - Udang Rambutan - Lumpia Udang,Ordered on 4 February 2022,1,Baik,,
1701446020-1709,https://gofood.co.id/en/surabaya/restaurant/mie-gacoan-genteng-f49fb30b-5b97-41b6-b66c-924da5d72fba/reviews,"ENAK BANGET, pedesnya beuh, terus pangsitnya WUENAK REK",5.0,Mie Setan lv 3 - Mie Setan lv 2,Ordered on 1 February 2022,1,Baik,,
1701446020-1710,https://gofood.co.id/en/surabaya/restaurant/mie-gacoan-genteng-f49fb30b-5b97-41b6-b66c-924da5d72fba/reviews,terimakasih atas makanan nya...,5.0,Mie Iblis lv 3 - Mie Iblis lv 2 - Udang Rambutan - Udang Keju,Ordered on 2 February 2022,1,Baik,,
1701446020-1711,https://gofood.co.id/en/surabaya/restaurant/mie-gacoan-genteng-f49fb30b-5b97-41b6-b66c-924da5d72fba/reviews,"LV 4 tp gda lomboknya,g pedas sama sekali,rasanya hambar LV 4 kayak LV 0,terus tolong klo Nulis LV itu pake spidol dong modal dong,masa sekelas gacoan nulis LV pake kayak pake lidi nulisnya jadi g jelas...pesan 5 rasanya anyep kabeh",3.0,Mie Iblis lv 1 - Mie Iblis lv 0 - Mie Iblis lv 2 - Mie Iblis lv 4 - Siomay,Ordered on 4 February 2022,0,Buruk,,
1701446020-1712,https://gofood.co.id/en/surabaya/restaurant/mie-gacoan-genteng-f49fb30b-5b97-41b6-b66c-924da5d72fba/reviews,"cuman kerasa pedes aja, bumbu yang lainnya kurang terasa",3.0,Mie Iblis lv 2,Ordered on 2 February 2022,0,Buruk,,
1701446020-1713,https://gofood.co.id/en/surabaya/restaurant/mie-gacoan-genteng-f49fb30b-5b97-41b6-b66c-924da5d72fba/reviews,mi iblinsnya agak keasinan .. gak kayak biasanya,5.0,Mie Iblis lv 2,Ordered on 4 February 2022,0,Buruk,,
1701446020-1714,https://gofood.co.id/en/surabaya/restaurant/mie-gacoan-genteng-f49fb30b-5b97-41b6-b66c-924da5d72fba/reviews,enak bosku 999999,5.0,Udang Rambutan - Mie Angel,Ordered on 3 February 2022,1,Baik,,
1701446020-1715,https://gofood.co.id/en/surabaya/restaurant/mie-gacoan-genteng-f49fb30b-5b97-41b6-b66c-924da5d72fba/reviews,kali ini terlalu berminyak,4.0,Udang Keju - Mie Iblis lv 2,Ordered on 9 January 2022,0,Buruk,,
1701446020-1716,https://gofood.co.id/en/surabaya/restaurant/mie-gacoan-genteng-f49fb30b-5b97-41b6-b66c-924da5d72fba/reviews,"cocok dilidah,cocok buat hujan2 gini",5.0,Mie Angel - Sundelbolong,Ordered on 2 February 2022,1,Baik,,
1701446020-1717,https://gofood.co.id/en/surabaya/restaurant/mie-gacoan-genteng-f49fb30b-5b97-41b6-b66c-924da5d72fba/reviews,banyak minyaknya,2.0,Mie Setan lv 1 - Mie Iblis lv 1 - Udang Rambutan - Lumpia Udang,Ordered on 17 December 2021,0,Buruk,,
1701446020-1718,https://gofood.co.id/en/surabaya/restaurant/mie-gacoan-genteng-f49fb30b-5b97-41b6-b66c-924da5d72fba/reviews,enak bgt ka makasih ya salam dari army BORAHE💜💜,5.0,Mie Setan lv 1 - Mie Setan lv 2,Ordered on 2 February 2022,1,Baik,,
1701446020-1719,https://gofood.co.id/en/surabaya/restaurant/mie-gacoan-genteng-f49fb30b-5b97-41b6-b66c-924da5d72fba/reviews,muantul bolo mi e,5.0,Mie Iblis lv 0 - Mie Iblis lv 1 - Udang Rambutan,Ordered on 2 February 2022,1,Baik,,
1701446020-1720,https://gofood.co.id/en/surabaya/restaurant/mie-gacoan-genteng-f49fb30b-5b97-41b6-b66c-924da5d72fba/reviews,enak bett mie nya joss,5.0,Mie Iblis lv 3 - Udang Keju,Ordered on 2 February 2022,1,Baik,,
1701446020-1721,https://gofood.co.id/en/surabaya/restaurant/mie-gacoan-genteng-f49fb30b-5b97-41b6-b66c-924da5d72fba/reviews,mantappp sekali untuk kualitas rasa tekstur makanan,5.0,Mie Iblis lv 1 - Udang Keju - Siomay,Ordered on 1 February 2022,1,Baik,,
1701446020-1722,https://gofood.co.id/en/surabaya/restaurant/mie-gacoan-genteng-f49fb30b-5b97-41b6-b66c-924da5d72fba/reviews,maaf lain kali tolong dirasakan dl ya mas coz kadang kebanyakan minyak skr malah rasax keasinan ☹️🙏 mksh sebelomx,5.0,Mie Setan lv 8 - Mie Setan lv 6 - Pangsit,Ordered on 1 February 2022,0,Buruk,,
1701446020-1723,https://gofood.co.id/en/surabaya/restaurant/mie-gacoan-genteng-f49fb30b-5b97-41b6-b66c-924da5d72fba/reviews,"Ga mateng, bumbunya ga kayak di Manyar.. tolong diperbaiki..",1.0,Mie Iblis lv 4,Ordered on 31 January 2022,0,Buruk,,
1701446020-1724,https://gofood.co.id/en/surabaya/restaurant/mie-gacoan-genteng-f49fb30b-5b97-41b6-b66c-924da5d72fba/reviews,hamdeh enak banget giloy,5.0,Mie Iblis lv 2 - Mie Iblis lv 1 - Udang Keju,Ordered on 31 January 2022,1,Baik,,
1701446020-1725,https://gofood.co.id/en/surabaya/restaurant/mie-gacoan-genteng-f49fb30b-5b97-41b6-b66c-924da5d72fba/reviews,"aku biasa beli di cabang lain rasanya lebih enak dari cabang ini, mienya juga kematangan jadinya lembek.",3.0,Mie Iblis lv 2 - Mie Iblis lv 6,Ordered on 30 January 2022,0,Buruk,,
1701446020-1726,https://gofood.co.id/en/surabaya/restaurant/mie-gacoan-genteng-f49fb30b-5b97-41b6-b66c-924da5d72fba/reviews,porsi ny kurang hehe,5.0,Mie Iblis lv 0 - Mie Iblis lv 1 - Siomay - Udang Rambutan - Lumpia Udang,Ordered on 30 January 2022,0,Buruk,,
1701446020-1727,https://gofood.co.id/en/surabaya/restaurant/mie-gacoan-genteng-f49fb30b-5b97-41b6-b66c-924da5d72fba/reviews,mntp BANGET anjrot,5.0,Udang Keju - Udang Rambutan,Ordered on 30 January 2022,1,Baik,,
1701446020-1728,https://gofood.co.id/en/surabaya/restaurant/mie-gacoan-genteng-f49fb30b-5b97-41b6-b66c-924da5d72fba/reviews,enak banget pedes nya sesuai yang saya minta,5.0,Mie Setan lv 6,Ordered on 5 December 2021,1,Baik,,
1701446020-1729,https://gofood.co.id/en/surabaya/restaurant/mie-gacoan-genteng-f49fb30b-5b97-41b6-b66c-924da5d72fba/reviews,mantap pedes nya sesuai yang saya minta terima kasih,5.0,Mie Iblis lv 8 - Lemon Tea,Ordered on 27 December 2021,1,Baik,,
1701446020-1730,https://gofood.co.id/en/surabaya/restaurant/mie-gacoan-genteng-f49fb30b-5b97-41b6-b66c-924da5d72fba/reviews,Level pedas tidak sesuai pesanan,3.0,Mie Setan lv 4 - Mie Iblis lv 3 - Pangsit,Ordered on 29 January 2022,0,Buruk,,
1701446020-1731,https://gofood.co.id/en/surabaya/restaurant/mie-gacoan-genteng-f49fb30b-5b97-41b6-b66c-924da5d72fba/reviews,Mantap jiwaaaaa...,5.0,Udang Rambutan - Mie Iblis lv 3 - Mie Iblis lv 1 - Lumpia Udang,Ordered on 29 January 2022,1,Baik,,
1701446020-1732,https://gofood.co.id/en/surabaya/restaurant/mie-gacoan-genteng-f49fb30b-5b97-41b6-b66c-924da5d72fba/reviews,pass dan mantap,5.0,Mie Iblis lv 1 - Mie Iblis lv 3 - Siomay,Ordered on 27 January 2022,1,Baik,,
1701446020-1733,https://gofood.co.id/en/surabaya/restaurant/mie-gacoan-genteng-f49fb30b-5b97-41b6-b66c-924da5d72fba/reviews,"gapernah ga enak, dan alhmadulillah kebetulan pas ga antri2 banget kayanya jd cepet (tumben2an apalagi jam makan siang)😁",5.0,Mie Iblis lv 4 - Udang Rambutan - Mie Iblis lv 2,Ordered on 28 January 2022,1,Baik,,
1701446020-1734,https://gofood.co.id/en/surabaya/restaurant/mie-gacoan-genteng-f49fb30b-5b97-41b6-b66c-924da5d72fba/reviews,"Mienya mentah, ingredients tidak tercantum. keterangan level pedas pada kemasan tidak jelas.",1.0,Mie Iblis lv 0 - Mie Setan lv 2 - Mie Setan lv 3 - Mie Iblis lv 3,Ordered on 27 January 2022,0,Buruk,,
1701446020-1735,https://gofood.co.id/en/surabaya/restaurant/mie-gacoan-genteng-f49fb30b-5b97-41b6-b66c-924da5d72fba/reviews,enak bgt TSAYYY 100k sekeluarga kenyang tsayy,5.0,Mie Iblis lv 3 - Mie Iblis lv 0 - Udang Rambutan - Udang Keju,Ordered on 27 January 2022,1,Baik,,
1701446020-1736,https://gofood.co.id/en/surabaya/restaurant/mie-gacoan-genteng-f49fb30b-5b97-41b6-b66c-924da5d72fba/reviews,pls enak bgtttttt55 selaluuu jd yg nomer 1,5.0,Mie Iblis lv 2 - Lumpia Udang - Mie Iblis lv 0,Ordered on 17 January 2022,1,Baik,,
1701446020-1737,https://gofood.co.id/en/surabaya/restaurant/mie-gacoan-genteng-f49fb30b-5b97-41b6-b66c-924da5d72fba/reviews,mie gacoan is the betss❤️🔥,5.0,Mie Iblis lv 2 - Udang Keju,Ordered on 24 January 2022,1,Baik,,
1701446020-1738,https://gofood.co.id/en/surabaya/restaurant/mie-gacoan-genteng-f49fb30b-5b97-41b6-b66c-924da5d72fba/reviews,"Terima kasih, seperti biasa enakk!",5.0,Mie Iblis lv 3 - Mie Setan lv 4 - Pangsit - Udang Keju - Siomay,Ordered on 22 January 2022,1,Baik,,
1701446020-1739,https://gofood.co.id/en/surabaya/restaurant/mie-gacoan-genteng-f49fb30b-5b97-41b6-b66c-924da5d72fba/reviews,makasih banyak ya 🙏,5.0,Udang Keju - Mie Iblis lv 3,Ordered on 26 January 2022,1,Baik,,
1701446020-1740,https://gofood.co.id/en/surabaya/restaurant/mie-gacoan-genteng-f49fb30b-5b97-41b6-b66c-924da5d72fba/reviews,pedes enak murah,5.0,Mie Iblis lv 3 - Mie Iblis lv 1 - Teh - Thai Tea Ori,Ordered on 25 January 2022,1,Baik,,
1701446020-1741,https://gofood.co.id/en/surabaya/restaurant/mie-gacoan-genteng-f49fb30b-5b97-41b6-b66c-924da5d72fba/reviews,"mie pesen level 3 dikasih level 1 ,, minuman gak dikasih sedotan",1.0,Udang Keju - Mie Setan lv 3 - Siomay - Teh,Ordered on 25 January 2022,0,Buruk,,
1701446020-1742,https://gofood.co.id/en/surabaya/restaurant/mie-gacoan-genteng-f49fb30b-5b97-41b6-b66c-924da5d72fba/reviews,level satu jngan terlalu pedes boz masak level 1 pedes,5.0,Mie Iblis lv 1 - Mie Setan lv 3,Ordered on 25 January 2022,0,Buruk,,
1701446020-1743,https://gofood.co.id/en/surabaya/restaurant/mie-gacoan-genteng-f49fb30b-5b97-41b6-b66c-924da5d72fba/reviews,"mienya enak dan porsi lumayan byak ,maaf hanya saran kemasanya klu bisa jgan stelefon yaa ,tp rasanya enak",5.0,Mie Angel - Mie Setan lv 1 - Mie Setan lv 2 - Mie Iblis lv 1,Ordered on 25 January 2022,1,Baik,,
1701446020-1744,https://gofood.co.id/en/surabaya/restaurant/mie-gacoan-genteng-f49fb30b-5b97-41b6-b66c-924da5d72fba/reviews,enak terutama gorengan dan dimsum,5.0,Mie Setan lv 3 - Mie Setan lv 6 - Udang Keju,Ordered on 24 January 2022,1,Baik,,
1701446020-1745,https://gofood.co.id/en/surabaya/restaurant/mie-gacoan-genteng-f49fb30b-5b97-41b6-b66c-924da5d72fba/reviews,"porsinya tambah sedikit,hehehe",2.0,Mie Iblis lv 1 - Udang Rambutan,Ordered on 24 January 2022,0,Buruk,,
1701446020-1746,https://gofood.co.id/en/surabaya/restaurant/mie-gacoan-genteng-f49fb30b-5b97-41b6-b66c-924da5d72fba/reviews,mi nya kurang mateng,2.0,Udang Keju - Mie Setan lv 1 - Siomay - Pangsit,Ordered on 24 January 2022,0,Buruk,,
1701446020-1747,https://gofood.co.id/en/surabaya/restaurant/mie-gacoan-genteng-f49fb30b-5b97-41b6-b66c-924da5d72fba/reviews,Rasanya agak aneh,1.0,Udang Rambutan - Mie Setan lv 3,Ordered on 23 January 2022,0,Buruk,,
1701446020-1748,https://gofood.co.id/en/surabaya/restaurant/mie-gacoan-genteng-f49fb30b-5b97-41b6-b66c-924da5d72fba/reviews,rasa nya. bedah dari biasanya,3.0,Mie Iblis lv 4 - Udang Rambutan - Udang Keju - Siomay - Mie Iblis lv 0,Ordered on 9 January 2022,0,Buruk,,
1701446020-1749,https://gofood.co.id/en/surabaya/restaurant/mie-gacoan-genteng-f49fb30b-5b97-41b6-b66c-924da5d72fba/reviews,Udang kejunya dalemnya gaada isian kejunyaa👎👎👎👎👎,4.0,Udang Keju - Mie Iblis lv 1 - Mie Iblis lv 0,Ordered on 23 January 2022,0,Buruk,,
1701446020-1750,https://gofood.co.id/en/surabaya/restaurant/mie-gacoan-genteng-f49fb30b-5b97-41b6-b66c-924da5d72fba/reviews,"berasa makan mie pakai lada daripada sambelnya, kecapnya dikit banget",3.0,Mie Iblis lv 2 - Udang Keju - Lumpia Udang,Ordered on 23 January 2022,0,Buruk,,
1701446020-1751,https://gofood.co.id/en/surabaya/restaurant/mie-gacoan-genteng-f49fb30b-5b97-41b6-b66c-924da5d72fba/reviews,banyakin porsinya pasti tambah enak 😁,5.0,Mie Setan lv 4 - Mie Angel - Mie Iblis lv 1,Ordered on 22 January 2022,1,Baik,,
1701446020-1752,https://gofood.co.id/en/surabaya/restaurant/mie-gacoan-genteng-f49fb30b-5b97-41b6-b66c-924da5d72fba/reviews,"mantul,,,udang kejunya yg bikin ketagihan.",5.0,Udang Keju,Ordered on 22 January 2022,1,Baik,,
1701446020-1753,https://gofood.co.id/en/surabaya/restaurant/mie-gacoan-genteng-f49fb30b-5b97-41b6-b66c-924da5d72fba/reviews,aaaa bestt bngett tadi cepett biasa e harus 1jm nunggu ee,5.0,Mie Iblis lv 1 - Mie Setan lv 2,Ordered on 22 January 2022,1,Baik,,
1701446020-1754,https://gofood.co.id/en/surabaya/restaurant/mie-gacoan-genteng-f49fb30b-5b97-41b6-b66c-924da5d72fba/reviews,terlalu banyak minyak dipangsitnya sama mie b ut its oke tetep enak mienya dan suka bgt yg isian mozarella nya enak bgt!!! terus untuk mienya yg level 1 pedes bgt bgt tak kira itu pedes dikit,4.0,Mie Iblis lv 0 - Mie Setan lv 1 - Mie Iblis lv 4 - Udang Keju - Lumpia Udang,Ordered on 21 January 2022,0,Buruk,,
1701446020-1755,https://gofood.co.id/en/surabaya/restaurant/mie-gacoan-genteng-f49fb30b-5b97-41b6-b66c-924da5d72fba/reviews,Mohon kalau menulis level pakai bulpoin karena tidak jelas,5.0,Mie Iblis lv 1 - Mie Iblis lv 3 - Mie Angel - Siomay - Udang Rambutan - Ceker,Ordered on 19 January 2022,0,Buruk,,
1701446020-1756,https://gofood.co.id/en/surabaya/restaurant/mie-gacoan-genteng-f49fb30b-5b97-41b6-b66c-924da5d72fba/reviews,kurang rapi dan masih berantakan,3.0,Mie Iblis lv 4 - Lumpia Udang - Udang Rambutan - Genderuwo - Mie Iblis lv 2 - Mie Iblis lv 3 - Mie Iblis lv 0,Ordered on 11 January 2022,0,Buruk,,
1701446020-1757,https://gofood.co.id/en/surabaya/restaurant/mie-gacoan-genteng-f49fb30b-5b97-41b6-b66c-924da5d72fba/reviews,"enak bgt sii langganan terus apalagi pangsit nya ada isi telor dalemnnya wenak poll,bismillah dapet 1 gratis hshshsh 😀👍",5.0,Mie Iblis lv 3 - Mie Iblis lv 0 - Pangsit,Ordered on 25 December 2021,1,Baik,,
1701446020-1758,https://gofood.co.id/en/surabaya/restaurant/mie-gacoan-genteng-f49fb30b-5b97-41b6-b66c-924da5d72fba/reviews,enak banget wajib coba,5.0,Mie Angel - Mie Iblis lv 1,Ordered on 21 January 2022,1,Baik,,
1701446020-1759,https://gofood.co.id/en/surabaya/restaurant/mie-gacoan-genteng-f49fb30b-5b97-41b6-b66c-924da5d72fba/reviews,Foam nya bolong kak 🥺,5.0,Udang Keju - Mie Iblis lv 0 - Siomay,Ordered on 21 January 2022,0,Buruk,,
1701446020-1760,https://gofood.co.id/en/surabaya/restaurant/mie-gacoan-genteng-f49fb30b-5b97-41b6-b66c-924da5d72fba/reviews,enaaakkkkkkk!!!!!!!,5.0,Mie Setan lv 2,Ordered on 19 January 2022,1,Baik,,
1701446020-1761,https://gofood.co.id/en/surabaya/restaurant/mie-gacoan-genteng-f49fb30b-5b97-41b6-b66c-924da5d72fba/reviews,"buat kemasan, minta tolong kresek di segel aja,biar lebih higenis",5.0,Udang Keju - Mie Iblis lv 3,Ordered on 19 January 2022,0,Buruk,,
1701446020-1762,https://gofood.co.id/en/surabaya/restaurant/mie-gacoan-genteng-f49fb30b-5b97-41b6-b66c-924da5d72fba/reviews,kelamaan dateng makanannya,1.0,Mie Iblis lv 4,Ordered on 19 January 2022,0,Buruk,,
1701446020-1763,https://gofood.co.id/en/surabaya/restaurant/mie-gacoan-genteng-f49fb30b-5b97-41b6-b66c-924da5d72fba/reviews,udang kejunya kurang satu woooyyyy..😠,1.0,Mie Iblis lv 3 - Mie Iblis lv 0 - Udang Keju,Ordered on 18 January 2022,0,Buruk,,
1701446020-1764,https://gofood.co.id/en/surabaya/restaurant/mie-gacoan-genteng-f49fb30b-5b97-41b6-b66c-924da5d72fba/reviews,luvvv smoga ttp dijaga ya kebersihannya,5.0,Milo - Udang Keju - Mie Iblis lv 0,Ordered on 5 December 2021,1,Baik,,
1701446020-1765,https://gofood.co.id/en/surabaya/restaurant/mie-gacoan-genteng-f49fb30b-5b97-41b6-b66c-924da5d72fba/reviews,"pesanan ada yang kurang, 2 udang rambutan gak kebawa..",1.0,Mie Iblis lv 1 - Udang Rambutan - Lumpia Udang - Udang Keju,Ordered on 11 January 2022,0,Buruk,,
1701446020-1766,https://gofood.co.id/en/surabaya/restaurant/mie-gacoan-genteng-f49fb30b-5b97-41b6-b66c-924da5d72fba/reviews,udang rambutannya tengahnya gk matang😕,4.0,Mie Iblis lv 1 - Udang Keju - Udang Rambutan - Mie Angel - Genderuwo,Ordered on 15 January 2022,0,Buruk,,
1701446020-1767,https://gofood.co.id/en/surabaya/restaurant/mie-gacoan-genteng-f49fb30b-5b97-41b6-b66c-924da5d72fba/reviews,bungkus nya rantas karena kena bnyak minyak. jgn pakai kertas minyak lgi.,3.0,Mie Iblis lv 1,Ordered on 14 January 2022,0,Buruk,,
1701446020-1768,https://gofood.co.id/en/surabaya/restaurant/mie-gacoan-genteng-f49fb30b-5b97-41b6-b66c-924da5d72fba/reviews,Pesan udang keju yang datang malah udang rambutan,2.0,Siomay - Udang Keju - Lumpia Udang,Ordered on 14 January 2022,0,Buruk,,
1701446020-1769,https://gofood.co.id/en/surabaya/restaurant/mie-gacoan-genteng-f49fb30b-5b97-41b6-b66c-924da5d72fba/reviews,top rasanya......,5.0,Mie Iblis lv 4 - Mie Iblis lv 8 - Mie Iblis lv 3 - Mie Setan lv 4 - Mie Iblis lv 2 - Udang Keju,Ordered on 13 January 2022,1,Baik,,
1701446020-1770,https://gofood.co.id/en/surabaya/restaurant/mie-gacoan-genteng-f49fb30b-5b97-41b6-b66c-924da5d72fba/reviews,mantap selalu langganan dah,5.0,Udang Rambutan - Pangsit - Mie Angel - Mie Iblis lv 1,Ordered on 13 January 2022,1,Baik,,
1701446020-1771,https://gofood.co.id/en/surabaya/restaurant/mie-gacoan-genteng-f49fb30b-5b97-41b6-b66c-924da5d72fba/reviews,krg mantap rasanya,4.0,Mie Iblis lv 2 - Mie Iblis lv 0 - Udang Keju,Ordered on 11 January 2022,0,Buruk,,
1701446020-1772,https://gofood.co.id/en/surabaya/restaurant/mie-gacoan-genteng-f49fb30b-5b97-41b6-b66c-924da5d72fba/reviews,Enak banget porsi juga banyak,5.0,Mie Iblis lv 1 - Coklat,Ordered on 12 January 2022,1,Baik,,
1701446020-1773,https://gofood.co.id/en/surabaya/restaurant/mie-gacoan-genteng-f49fb30b-5b97-41b6-b66c-924da5d72fba/reviews,kq banyak minyaknya sih tumben biasax gk begini ☹️ ni rasax jd gk enak 😵,5.0,Udang Rambutan - Mie Setan lv 6,Ordered on 12 January 2022,0,Buruk,,
1701446020-1774,https://gofood.co.id/en/surabaya/restaurant/mie-gacoan-genteng-f49fb30b-5b97-41b6-b66c-924da5d72fba/reviews,gak dikasih sumpit,1.0,Mie Iblis lv 0 - Mie Iblis lv 3 - Teh - Siomay,Ordered on 10 January 2022,0,Buruk,,
1701446020-1775,https://gofood.co.id/en/surabaya/restaurant/mie-gacoan-genteng-f49fb30b-5b97-41b6-b66c-924da5d72fba/reviews,"mantap sih tapi sayang,sayang kamu.",4.0,Mie Iblis lv 1 - Mie Iblis lv 4 - Mie Iblis lv 3,Ordered on 12 January 2022,1,Baik,,
1701446020-1776,https://gofood.co.id/en/surabaya/restaurant/mie-gacoan-genteng-f49fb30b-5b97-41b6-b66c-924da5d72fba/reviews,sambalnya kok ga di mix jadi satu ya ditaruk di pinggirnyaaa,5.0,Mie Setan lv 6 - Mie Iblis lv 1 - Mie Iblis lv 2,Ordered on 11 January 2022,0,Buruk,,
1701446020-1777,https://gofood.co.id/en/surabaya/restaurant/mie-gacoan-genteng-f49fb30b-5b97-41b6-b66c-924da5d72fba/reviews,gak ada Supit rasa kurang porai sip,4.0,Mie Setan lv 3 - Lumpia Udang - Udang Keju,Ordered on 11 January 2022,0,Buruk,,
1701446020-1778,https://gofood.co.id/en/surabaya/restaurant/mie-gacoan-genteng-f49fb30b-5b97-41b6-b66c-924da5d72fba/reviews,mantab me gacoan,5.0,Udang Keju - Mie Iblis lv 1,Ordered on 6 January 2022,1,Baik,,
1701446020-1779,https://gofood.co.id/en/surabaya/restaurant/mie-gacoan-genteng-f49fb30b-5b97-41b6-b66c-924da5d72fba/reviews,Tolong kalau pesenan level O jgn di kasih cabe kayak tadi siang sy pesen kasian ank saya mo di makan gk jadi,4.0,Mie Angel - Mie Iblis lv 0 - Mie Iblis lv 2 - Mie Iblis lv 4 - Udang Rambutan,Ordered on 9 January 2022,0,Buruk,,
1701446020-1780,https://gofood.co.id/en/surabaya/restaurant/mie-gacoan-genteng-f49fb30b-5b97-41b6-b66c-924da5d72fba/reviews,"mantul, enak sekali",5.0,Mie Iblis lv 3 - Mie Setan lv 1,Ordered on 5 January 2022,1,Baik,,
1701446020-1781,https://gofood.co.id/en/surabaya/restaurant/mie-gacoan-genteng-f49fb30b-5b97-41b6-b66c-924da5d72fba/reviews,Enak sih makanya rame antriannya 🥲,5.0,Udang Keju - Mie Setan lv 3 - Mie Iblis lv 8 - Udang Rambutan,Ordered on 31 December 2021,1,Baik,,
1701446020-1782,https://gofood.co.id/en/surabaya/restaurant/mie-gacoan-genteng-f49fb30b-5b97-41b6-b66c-924da5d72fba/reviews,mantap sekaliiiiiiii,5.0,Mie Iblis lv 1 - Mie Iblis lv 2 - Mie Iblis lv 3 - Mie Iblis lv 4 - Siomay - Udang Keju,Ordered on 8 January 2022,1,Baik,,
1701446020-1783,https://gofood.co.id/en/surabaya/restaurant/mie-gacoan-genteng-f49fb30b-5b97-41b6-b66c-924da5d72fba/reviews,murah kenyang penolong akhir bulan,5.0,Udang Rambutan - Udang Keju - Mie Setan lv 1 - Mie Iblis lv 1 - Siomay - Lumpia Udang - Milo,Ordered on 18 December 2021,1,Baik,,
1701446020-1784,https://gofood.co.id/en/surabaya/restaurant/mie-gacoan-genteng-f49fb30b-5b97-41b6-b66c-924da5d72fba/reviews,kemasan amburadul,4.0,Mie Iblis lv 4 - Udang Rambutan,Ordered on 8 January 2022,0,Buruk,,
1701446020-1785,https://gofood.co.id/en/surabaya/restaurant/mie-gacoan-genteng-f49fb30b-5b97-41b6-b66c-924da5d72fba/reviews,porsinya berkurang.. dan gorengannya semakin kecil..ada yang kecil banget malahan.. berharap seperti dulu..,2.0,Mie Iblis lv 0 - Mie Iblis lv 1 - Mie Iblis lv 6,Ordered on 8 January 2022,0,Buruk,,
1701446020-1786,https://gofood.co.id/en/surabaya/restaurant/mie-gacoan-genteng-f49fb30b-5b97-41b6-b66c-924da5d72fba/reviews,untuk kali ini terlalu berminyak...,4.0,Mie Iblis lv 3 - Udang Keju,Ordered on 22 December 2021,0,Buruk,,
1701446020-1787,https://gofood.co.id/en/surabaya/restaurant/mie-gacoan-genteng-f49fb30b-5b97-41b6-b66c-924da5d72fba/reviews,"saya catat di order nya tidak pakai pangsit, namun tetap dimasukkan. saya kurang bisa makan daging, jadi takut mubazir..",3.0,Mie Setan lv 3,Ordered on 7 January 2022,0,Buruk,,
1701446020-1788,https://gofood.co.id/en/surabaya/restaurant/mie-gacoan-genteng-f49fb30b-5b97-41b6-b66c-924da5d72fba/reviews,"sambal basi, bau, tdk bs dimakan",1.0,Mie Setan lv 4 - Mie Setan lv 6 - Pangsit,Ordered on 1 January 2022,0,Buruk,,
1701446020-1789,https://gofood.co.id/en/surabaya/restaurant/mie-gacoan-genteng-f49fb30b-5b97-41b6-b66c-924da5d72fba/reviews,josss tenan rasa e.mantaapp👍👍👍👍👍❤,5.0,Mie Iblis lv 3 - Udang Rambutan - Mie Setan lv 8,Ordered on 5 January 2022,1,Baik,,
1701446020-1790,https://gofood.co.id/en/surabaya/restaurant/mie-gacoan-genteng-f49fb30b-5b97-41b6-b66c-924da5d72fba/reviews,"makasihhh rasanya enak seperti biasa, drivernya juga baik",5.0,Mie Iblis lv 2 - Siomay - Udang Rambutan - Udang Keju - Lumpia Udang - Pangsit,Ordered on 5 January 2022,1,Baik,,
1701446020-1791,https://gofood.co.id/en/surabaya/restaurant/mie-gacoan-genteng-f49fb30b-5b97-41b6-b66c-924da5d72fba/reviews,mantap pedes nya sesuai yang saya minta,5.0,Mie Iblis lv 8,Ordered on 4 January 2022,1,Baik,,
1701446020-1792,https://gofood.co.id/en/surabaya/restaurant/mie-gacoan-genteng-f49fb30b-5b97-41b6-b66c-924da5d72fba/reviews,stay di harga segitu ya wkwkkw jgn mahal2 🥰🥰,5.0,Mie Iblis lv 1 - Udang Keju - Mie Iblis lv 2,Ordered on 4 January 2022,1,Baik,,
1701446020-1793,https://gofood.co.id/en/surabaya/restaurant/mie-gacoan-genteng-f49fb30b-5b97-41b6-b66c-924da5d72fba/reviews,minta mie level 1 diksh level 2 gk bsa dimkan kepedesan,3.0,Mie Iblis lv 1 - Udang Rambutan,Ordered on 4 January 2022,0,Buruk,,
1701446020-1794,https://gofood.co.id/en/surabaya/restaurant/mie-gacoan-genteng-f49fb30b-5b97-41b6-b66c-924da5d72fba/reviews,siip porsi juga meenyenangkan,5.0,Mie Iblis lv 8 - Udang Rambutan,Ordered on 2 January 2022,1,Baik,,
1701446020-1795,https://gofood.co.id/en/surabaya/restaurant/mie-gacoan-genteng-f49fb30b-5b97-41b6-b66c-924da5d72fba/reviews,Minta tolong keterangan tulisan level di sterofoamnya dibuat yg lebih jelas ya min  😭😭🥺,5.0,Mie Iblis lv 3 - Mie Iblis lv 1 - Mie Iblis lv 2,Ordered on 1 January 2022,0,Buruk,,
1701446020-1796,https://gofood.co.id/en/surabaya/restaurant/mie-gacoan-genteng-f49fb30b-5b97-41b6-b66c-924da5d72fba/reviews,"Kurang enak ya, beda sama gacoab yg di bali lbh enak",1.0,Udang Rambutan - Mie Angel - Mie Setan lv 3 - Siomay,Ordered on 31 December 2021,0,Buruk,,
1701446020-1797,https://gofood.co.id/en/surabaya/restaurant/mie-gacoan-genteng-f49fb30b-5b97-41b6-b66c-924da5d72fba/reviews,pokoknya sukses terus semakin jaya kedepannya,5.0,Mie Iblis lv 6 - Siomay - Mie Iblis lv 1 - Mie Iblis lv 0,Ordered on 21 December 2021,1,Baik,,
1701446020-1798,https://gofood.co.id/en/surabaya/restaurant/mie-gacoan-genteng-f49fb30b-5b97-41b6-b66c-924da5d72fba/reviews,"saya waktu itu pesen udang rambutan nya 2, tp yg dateng malah udang kejunya 2 ):",4.0,Mie Angel - Mie Setan lv 1 - Udang Rambutan - Udang Keju,Ordered on 22 December 2021,0,Buruk,,
1701446020-1799,https://gofood.co.id/en/surabaya/restaurant/mie-gacoan-genteng-f49fb30b-5b97-41b6-b66c-924da5d72fba/reviews,Always be my favorite,5.0,Udang Keju - Mie Iblis lv 0 - Mie Iblis lv 1,Ordered on 30 December 2021,1,Baik,,
1701446020-1800,https://gofood.co.id/en/surabaya/restaurant/mie-gacoan-genteng-f49fb30b-5b97-41b6-b66c-924da5d72fba/reviews,mienya kurang matang.masih mentah,2.0,Mie Iblis lv 3 - Udang Rambutan,Ordered on 29 December 2021,0,Buruk,,
1701446020-1801,https://gofood.co.id/en/surabaya/restaurant/mie-gacoan-genteng-f49fb30b-5b97-41b6-b66c-924da5d72fba/reviews,Enak makanan nya,5.0,Udang Rambutan - Mie Iblis lv 0 - Thai Green Tea,Ordered on 24 December 2021,1,Baik,,
1701446020-1802,https://gofood.co.id/en/surabaya/restaurant/mie-gacoan-genteng-f49fb30b-5b97-41b6-b66c-924da5d72fba/reviews,ok pokoknya mantaaaaaap,3.0,Mie Iblis lv 2 - Mie Iblis lv 4 - Mie Iblis lv 1 - Udang Rambutan,Ordered on 27 December 2021,1,Baik,,
1701446020-1803,https://gofood.co.id/en/surabaya/restaurant/mie-gacoan-genteng-f49fb30b-5b97-41b6-b66c-924da5d72fba/reviews,"kemaren beli kayak berpasir, kayak habis jatuh apa ya, sedih",3.0,Mie Iblis lv 1 - Mie Iblis lv 0 - Udang Keju - Milo,Ordered on 22 December 2021,0,Buruk,,
1701446020-1804,https://gofood.co.id/en/surabaya/restaurant/mie-gacoan-genteng-f49fb30b-5b97-41b6-b66c-924da5d72fba/reviews,"siiipppp,mantap",5.0,Mie Angel - Mie Iblis lv 8,Ordered on 26 December 2021,1,Baik,,
1701446020-1805,https://gofood.co.id/en/surabaya/restaurant/mie-gacoan-genteng-f49fb30b-5b97-41b6-b66c-924da5d72fba/reviews,Mantap pokoknyaaaaa,5.0,Udang Keju - Mie Iblis lv 2 - Udang Rambutan,Ordered on 26 December 2021,1,Baik,,
1701446020-1806,https://gofood.co.id/en/surabaya/restaurant/mie-gacoan-genteng-f49fb30b-5b97-41b6-b66c-924da5d72fba/reviews,Kmren beli level 1 tapi pedes bngd,4.0,Mie Iblis lv 1 - Udang Keju - Siomay,Ordered on 25 December 2021,1,Baik,,
1701446020-1807,https://gofood.co.id/en/surabaya/restaurant/mie-gacoan-genteng-f49fb30b-5b97-41b6-b66c-924da5d72fba/reviews,mantab pedes nampolll bikin doweeeerrrr,5.0,Udang Rambutan - Mie Iblis lv 4 - Mie Iblis lv 3,Ordered on 24 December 2021,1,Baik,,
1701446020-1808,https://gofood.co.id/en/surabaya/restaurant/mie-gacoan-genteng-f49fb30b-5b97-41b6-b66c-924da5d72fba/reviews,es genderuwo kurang mantap,4.0,Mie Iblis lv 0 - Genderuwo - Mie Iblis lv 2,Ordered on 23 December 2021,0,Buruk,,
1701446020-1809,https://gofood.co.id/en/surabaya/restaurant/mie-gacoan-genteng-f49fb30b-5b97-41b6-b66c-924da5d72fba/reviews,"antrinya bikin lama dan bnyak driver ksulitan,",4.0,Mie Iblis lv 4 - Udang Keju,Ordered on 24 December 2021,0,Buruk,,
1701446020-1810,https://gofood.co.id/en/surabaya/restaurant/mie-gacoan-genteng-f49fb30b-5b97-41b6-b66c-924da5d72fba/reviews,mantul mantab betul pkokx thebest,5.0,Mie Iblis lv 3 - Udang Keju - Mie Iblis lv 4,Ordered on 23 December 2021,1,Baik,,
1701446020-1811,https://gofood.co.id/en/surabaya/restaurant/mie-gacoan-genteng-f49fb30b-5b97-41b6-b66c-924da5d72fba/reviews,syangnya kemasan pke strfoam yg lebih unik lgi bisa g kak hehhe btw sukak ttep jdi juara lah msakannyaa... 🥰🥰😍,5.0,Pangsit - Udang Rambutan - Udang Keju - Mie Iblis lv 3,Ordered on 26 November 2021,0,Buruk,,
1701446020-1812,https://gofood.co.id/en/surabaya/restaurant/mie-gacoan-genteng-f49fb30b-5b97-41b6-b66c-924da5d72fba/reviews,rasa nya agak hambar,2.0,Mie Angel - Mie Setan lv 1 - Mie Iblis lv 3 - Udang Keju - Udang Rambutan,Ordered on 20 December 2021,0,Buruk,,
1701446020-1813,https://gofood.co.id/en/surabaya/restaurant/mie-gacoan-genteng-f49fb30b-5b97-41b6-b66c-924da5d72fba/reviews,enak si pertahanin bumbunya jangan sampai di kurangin huhuuu ntar gaada rasanya kaya toko mie sebelah😢😭,5.0,Mie Iblis lv 2 - Mie Angel,Ordered on 23 December 2021,1,Baik,,
1701446020-1814,https://gofood.co.id/en/surabaya/restaurant/mie-gacoan-genteng-f49fb30b-5b97-41b6-b66c-924da5d72fba/reviews,perfekto wenakkkk pollll,5.0,Mie Iblis lv 3,Ordered on 22 December 2021,1,Baik,,
1701446020-1815,https://gofood.co.id/en/surabaya/restaurant/mie-gacoan-genteng-f49fb30b-5b97-41b6-b66c-924da5d72fba/reviews,sering sering ada promo ya 😘,5.0,Udang Rambutan - Udang Keju - Mie Iblis lv 0 - Mie Iblis lv 3,Ordered on 29 November 2021,1,Baik,,
1701446020-1816,https://gofood.co.id/en/surabaya/restaurant/mie-gacoan-genteng-f49fb30b-5b97-41b6-b66c-924da5d72fba/reviews,tutup press es nya bocor tumpah ke kantong plastik 😑 jd gk bisa menikmati.,3.0,Mie Iblis lv 3 - Genderuwo - Mie Iblis lv 6,Ordered on 21 December 2021,0,Buruk,,
1701446020-1817,https://gofood.co.id/en/surabaya/restaurant/mie-gacoan-genteng-f49fb30b-5b97-41b6-b66c-924da5d72fba/reviews,porsinya kurang hahaha,4.0,Mie Iblis lv 1 - Siomay,Ordered on 20 December 2021,0,Buruk,,
1701446020-1818,https://gofood.co.id/en/surabaya/restaurant/mie-gacoan-genteng-f49fb30b-5b97-41b6-b66c-924da5d72fba/reviews,mienya kurang banyak,4.0,Mie Angel - Udang Rambutan,Ordered on 20 December 2021,0,Buruk,,
1701446020-1819,https://gofood.co.id/en/surabaya/restaurant/mie-gacoan-genteng-f49fb30b-5b97-41b6-b66c-924da5d72fba/reviews,makasih sdh g pelit saos dimsum,5.0,Udang Keju - Mie Iblis lv 8,Ordered on 18 December 2021,1,Baik,,
1701446020-1820,https://gofood.co.id/en/surabaya/restaurant/mie-gacoan-genteng-f49fb30b-5b97-41b6-b66c-924da5d72fba/reviews,udang gimbalnya harusnya namanya somay gimbal..over all lainnya oke cm asin,4.0,Siomay - Lumpia Udang - Udang Keju - Udang Rambutan,Ordered on 17 December 2021,1,Baik,,
1701446020-1821,https://gofood.co.id/en/surabaya/restaurant/mie-gacoan-genteng-f49fb30b-5b97-41b6-b66c-924da5d72fba/reviews,knapa skarang porsinya makin dikit ya😄,4.0,Mie Iblis lv 1 - Pangsit,Ordered on 19 December 2021,0,Buruk,,
1701446020-1822,https://gofood.co.id/en/surabaya/restaurant/mie-gacoan-genteng-f49fb30b-5b97-41b6-b66c-924da5d72fba/reviews,seneng banget sama mie gacoan ini😍,5.0,Mie Iblis lv 3 - Udang Rambutan - Mie Angel,Ordered on 18 December 2021,1,Baik,,
1701446020-1823,https://gofood.co.id/en/surabaya/restaurant/mie-gacoan-genteng-f49fb30b-5b97-41b6-b66c-924da5d72fba/reviews,anjingg pedesss,5.0,Mie Setan lv 4,Ordered on 18 December 2021,1,Baik,,
1701446020-1824,https://gofood.co.id/en/surabaya/restaurant/mie-gacoan-genteng-f49fb30b-5b97-41b6-b66c-924da5d72fba/reviews,Mie ter- enak 🍝🍝,5.0,Mie Angel - Mie Setan lv 1 - Siomay,Ordered on 7 December 2021,1,Baik,,
1701446020-1825,https://gofood.co.id/en/surabaya/restaurant/mie-gacoan-genteng-f49fb30b-5b97-41b6-b66c-924da5d72fba/reviews,puedes nampooooooll,5.0,Mie Iblis lv 1 - Genderuwo,Ordered on 17 December 2021,1,Baik,,
1701446020-1826,https://gofood.co.id/en/surabaya/restaurant/mie-gacoan-genteng-f49fb30b-5b97-41b6-b66c-924da5d72fba/reviews,Untuk selanjutnya semoga bisa memperhatikan kondisi barang ya mas 🙏,2.0,Mie Iblis lv 2 - Mie Iblis lv 4,Ordered on 17 December 2021,0,Buruk,,
1701446020-1827,https://gofood.co.id/en/surabaya/restaurant/mie-gacoan-genteng-f49fb30b-5b97-41b6-b66c-924da5d72fba/reviews,rasa nya enak porsi tambahin yah,4.0,Udang Rambutan - Mie Iblis lv 3,Ordered on 24 November 2021,1,Baik,,
1701446020-1828,https://gofood.co.id/en/surabaya/restaurant/mie-gacoan-genteng-f49fb30b-5b97-41b6-b66c-924da5d72fba/reviews,"mantap, uenak👌👍",5.0,Mie Iblis lv 4,Ordered on 17 December 2021,1,Baik,,
1701446020-1829,https://gofood.co.id/en/surabaya/restaurant/mie-gacoan-genteng-f49fb30b-5b97-41b6-b66c-924da5d72fba/reviews,enak bgttt!!! ini lebi enak drpd kmrn pas aku pesen. somaynya lebi mateng ini enakkk bgttt pokoknyaa!! terus tingkatin ya😍,5.0,Mie Iblis lv 1 - Mie Iblis lv 4 - Siomay,Ordered on 17 December 2021,1,Baik,,
1701446020-1830,https://gofood.co.id/en/surabaya/restaurant/mie-gacoan-genteng-f49fb30b-5b97-41b6-b66c-924da5d72fba/reviews,rasanya endull mantull,5.0,Mie Iblis lv 0 - Mie Iblis lv 3 - Mie Iblis lv 1 - Udang Rambutan,Ordered on 16 December 2021,1,Baik,,
1701446020-1831,https://gofood.co.id/en/surabaya/restaurant/mie-gacoan-genteng-f49fb30b-5b97-41b6-b66c-924da5d72fba/reviews,mantap boss ku...,5.0,Mie Iblis lv 4 - Mie Iblis lv 6,Ordered on 16 December 2021,1,Baik,,
1701446020-1832,https://gofood.co.id/en/surabaya/restaurant/mie-gacoan-genteng-f49fb30b-5b97-41b6-b66c-924da5d72fba/reviews,"sayang deh sama mie gacoan, enakk bener 😭😭",5.0,Mie Iblis lv 4 - Thai Green Tea - Genderuwo,Ordered on 16 December 2021,1,Baik,,
1701446020-1833,https://gofood.co.id/en/surabaya/restaurant/mie-gacoan-genteng-f49fb30b-5b97-41b6-b66c-924da5d72fba/reviews,"mienya enak, drivernya sopan, the best pokoknya",5.0,Mie Iblis lv 1 - Mie Iblis lv 3 - Lumpia Udang,Ordered on 13 December 2021,1,Baik,,
1701446020-1834,https://gofood.co.id/en/surabaya/restaurant/mie-gacoan-genteng-f49fb30b-5b97-41b6-b66c-924da5d72fba/reviews,kurang asin dikit,5.0,Mie Setan lv 1 - Mie Setan lv 3 - Udang Rambutan - Tuyul,Ordered on 15 December 2021,0,Buruk,,
1701446020-1835,https://gofood.co.id/en/surabaya/restaurant/mie-gacoan-genteng-f49fb30b-5b97-41b6-b66c-924da5d72fba/reviews,ada beberapa semut mati di sumpitnya,4.0,Mie Setan lv 3 - Pangsit - Thai Green Tea - Udang Keju,Ordered on 14 December 2021,0,Buruk,,
1701446020-1836,https://gofood.co.id/en/surabaya/restaurant/mie-gacoan-genteng-f49fb30b-5b97-41b6-b66c-924da5d72fba/reviews,yummy bgt ga pernah ngecewain,5.0,Udang Keju - Siomay,Ordered on 15 December 2021,1,Baik,,
1701446020-1837,https://gofood.co.id/en/surabaya/restaurant/mie-gacoan-genteng-f49fb30b-5b97-41b6-b66c-924da5d72fba/reviews,baru kali ini dapet ayamnya basi,3.0,Mie Iblis lv 2 - Pangsit,Ordered on 15 December 2021,0,Buruk,,
1701446020-1838,https://gofood.co.id/en/surabaya/restaurant/mie-gacoan-genteng-f49fb30b-5b97-41b6-b66c-924da5d72fba/reviews,"request extra saos tapi tidak dikasik :""(",4.0,Siomay - Mie Setan lv 3 - Mie Setan lv 1 - Lumpia Udang,Ordered on 12 December 2021,0,Buruk,,
1701446020-1839,https://gofood.co.id/en/surabaya/restaurant/mie-gacoan-genteng-f49fb30b-5b97-41b6-b66c-924da5d72fba/reviews,nagih banget sama gojek,5.0,Mie Iblis lv 0,Ordered on 14 December 2021,5,Buruk,,
1701446020-1840,https://gofood.co.id/en/surabaya/restaurant/mie-gacoan-genteng-f49fb30b-5b97-41b6-b66c-924da5d72fba/reviews,ini bagus dan rapi gak belepotan mienya datang masih panas. udang rambutan nya enak kayak pertama kali aku beli.,5.0,Udang Rambutan - Mie Iblis lv 1 - Udang Keju,Ordered on 7 December 2021,1,Baik,,
1701446020-1841,https://gofood.co.id/en/surabaya/restaurant/mie-gacoan-genteng-f49fb30b-5b97-41b6-b66c-924da5d72fba/reviews,mintak tolong lain kali klo pesen level 3 y level 3 aja jgn digenti level 13 makasih!,1.0,Mie Iblis lv 3 - Udang Rambutan - Lumpia Udang,Ordered on 14 December 2021,0,Buruk,,
1701446020-1842,https://gofood.co.id/en/surabaya/restaurant/mie-gacoan-genteng-f49fb30b-5b97-41b6-b66c-924da5d72fba/reviews,suka bangett di gacoan sini minyak di mienya ga terlalu greasy. thankyou kak!,5.0,Mie Iblis lv 3 - Udang Keju - Udang Rambutan - Thai Green Tea,Ordered on 13 December 2021,1,Baik,,
1701446020-1843,https://gofood.co.id/en/surabaya/restaurant/mie-gacoan-genteng-f49fb30b-5b97-41b6-b66c-924da5d72fba/reviews,terlalu garing bgt,3.0,Udang Rambutan - Udang Keju - Mie Angel - Mie Iblis lv 2 - Lumpia Udang,Ordered on 10 December 2021,0,Buruk,,
1701446020-1844,https://gofood.co.id/en/surabaya/restaurant/mie-gacoan-genteng-f49fb30b-5b97-41b6-b66c-924da5d72fba/reviews,"kebersihan diperhatikan, terutama di cabenya, jd bikin ga selera makan. baru sekali ini order di cabang genteng dan lgsung dpt yg kek gini kualitasnya.. tolong yaa",2.0,Mie Iblis lv 1 - Mie Iblis lv 2 - Mie Iblis lv 8 - Mie Iblis lv 6,Ordered on 13 December 2021,0,Buruk,,
1701446020-1845,https://gofood.co.id/en/surabaya/restaurant/mie-gacoan-genteng-f49fb30b-5b97-41b6-b66c-924da5d72fba/reviews,"ga pernah mengecewakan si! enak banget. tadi baru nya mie setannya, gurih sama pedes nya nampol banget jadi pengen nambah!",5.0,Mie Setan lv 3 - Mie Iblis lv 2 - Mie Iblis lv 4 - Mie Iblis lv 6,Ordered on 12 December 2021,1,Baik,,
1701446020-1846,https://gofood.co.id/en/surabaya/restaurant/mie-gacoan-genteng-f49fb30b-5b97-41b6-b66c-924da5d72fba/reviews,ankku jdi ketagihan🤤🤤,5.0,Mie Angel - Mie Setan lv 3,Ordered on 8 November 2021,1,Baik,,
1701446020-1847,https://gofood.co.id/en/surabaya/restaurant/mie-gacoan-genteng-f49fb30b-5b97-41b6-b66c-924da5d72fba/reviews,jadi favorit waktu lapar lelah bekerja,5.0,Mie Iblis lv 2 - Udang Keju,Ordered on 8 November 2021,1,Baik,,
1701446020-1848,https://gofood.co.id/en/surabaya/restaurant/mie-gacoan-genteng-f49fb30b-5b97-41b6-b66c-924da5d72fba/reviews,gak pernah ada sumpitnya,1.0,Mie Iblis lv 2 - Milo - Udang Rambutan - Siomay,Ordered on 11 December 2021,0,Buruk,,
1701446020-1849,https://gofood.co.id/en/surabaya/restaurant/mie-gacoan-genteng-f49fb30b-5b97-41b6-b66c-924da5d72fba/reviews,"mantappp , enaaakk bgttt",5.0,Mie Iblis lv 4 - Ceker,Ordered on 10 December 2021,1,Baik,,
1701446020-1850,https://gofood.co.id/en/surabaya/restaurant/mie-gacoan-genteng-f49fb30b-5b97-41b6-b66c-924da5d72fba/reviews,"tolong kalau ada pesanan lebih dibaca yang benar orderan saya salah semua, jadi g nikmat makannya",5.0,Siomay - Mie Iblis lv 4,Ordered on 8 December 2021,0,Buruk,,
1701446020-1851,https://gofood.co.id/en/surabaya/restaurant/mie-gacoan-genteng-f49fb30b-5b97-41b6-b66c-924da5d72fba/reviews,mie nya agak lembek,4.0,Mie Iblis lv 1,Ordered on 9 December 2021,0,Buruk,,
1701446020-1852,https://gofood.co.id/en/surabaya/restaurant/mie-gacoan-genteng-f49fb30b-5b97-41b6-b66c-924da5d72fba/reviews,sy beli banyak dan banyak kemasan yg terbuka ... rasanya jg sdh dingin padahal dg kantor sy ... tolong lbh diperhatikan lagi,3.0,Mie Iblis lv 2,Ordered on 8 December 2021,0,Buruk,,
1701446020-1853,https://gofood.co.id/en/surabaya/restaurant/mie-gacoan-genteng-f49fb30b-5b97-41b6-b66c-924da5d72fba/reviews,enak banget rumah pantes ramee promonya kencengin ya,5.0,Mie Setan lv 3 - Lumpia Udang - Sundelbolong,Ordered on 7 December 2021,1,Baik,,
1701446020-1854,https://gofood.co.id/en/surabaya/restaurant/mie-gacoan-genteng-f49fb30b-5b97-41b6-b66c-924da5d72fba/reviews,lopyu gacoannn enak polll,5.0,Mie Iblis lv 3 - Mie Angel - Mie Iblis lv 2 - Mie Iblis lv 1,Ordered on 8 December 2021,1,Baik,,
1701446020-1855,https://gofood.co.id/en/surabaya/restaurant/mie-gacoan-genteng-f49fb30b-5b97-41b6-b66c-924da5d72fba/reviews,"level 0.nya masih pedes buat anak kecil. kemasan knp masih pake sterofoam kak? kan bagus yg bahan kertas dan d.branding,biar keliatan lebih mewah gitu.... tp enak rasanya😘😘😘😘",5.0,Mie Iblis lv 0 - Mie Iblis lv 3 - Lumpia Udang,Ordered on 8 December 2021,0,Buruk,,
1701446020-1856,https://gofood.co.id/en/surabaya/restaurant/mie-gacoan-genteng-f49fb30b-5b97-41b6-b66c-924da5d72fba/reviews,nikmatnya enakk sekali,5.0,Mie Iblis lv 4 - Pangsit,Ordered on 6 December 2021,1,Baik,,
1701446020-1857,https://gofood.co.id/en/surabaya/restaurant/mie-gacoan-genteng-f49fb30b-5b97-41b6-b66c-924da5d72fba/reviews,"ok baik, pengiriman cepat,",5.0,Mie Iblis lv 3 - Siomay - Udang Rambutan - Mie Iblis lv 4,Ordered on 4 December 2021,1,Baik,,
1701446020-1858,https://gofood.co.id/en/surabaya/restaurant/mie-gacoan-genteng-f49fb30b-5b97-41b6-b66c-924da5d72fba/reviews,Enduuuulita  😍😍😍,5.0,Mie Iblis lv 3 - Mie Iblis lv 0 - Mie Iblis lv 2 - Lumpia Udang,Ordered on 2 December 2021,1,Baik,,
1701446020-1859,https://gofood.co.id/en/surabaya/restaurant/mie-gacoan-genteng-f49fb30b-5b97-41b6-b66c-924da5d72fba/reviews,"Porsinya kurang, 1,5 porsi kalau bisa ya heehe biar kelihatan banyak..tapi menurutku cukup enak kok masakannya dan rasa bumbunya.",4.0,Mie Iblis lv 1,Ordered on 6 December 2021,0,Buruk,,
1701446020-1860,https://gofood.co.id/en/surabaya/restaurant/mie-gacoan-genteng-f49fb30b-5b97-41b6-b66c-924da5d72fba/reviews,masa sudah pesan minuman tapi sesudah sampai minumannya tidak ada😪,1.0,Milo - Udang Rambutan - Siomay - Mie Iblis lv 1,Ordered on 6 December 2021,0,Buruk,,
1701446020-1861,https://gofood.co.id/en/surabaya/restaurant/mie-gacoan-genteng-f49fb30b-5b97-41b6-b66c-924da5d72fba/reviews,terlalu berminyak mie nyaa :(,4.0,Mie Iblis lv 1 - Udang Keju,Ordered on 5 December 2021,0,Buruk,,
1701446020-1862,https://gofood.co.id/en/surabaya/restaurant/mie-gacoan-genteng-f49fb30b-5b97-41b6-b66c-924da5d72fba/reviews,"kemasan kurang rapi , jadi tumpah",4.0,Mie Setan lv 3 - Siomay - Udang Rambutan - Mie Setan lv 2 - Sundelbolong - Milo,Ordered on 3 December 2021,0,Buruk,,
1701446020-1863,https://gofood.co.id/en/surabaya/restaurant/mie-gacoan-genteng-f49fb30b-5b97-41b6-b66c-924da5d72fba/reviews,harus fress dan higienis enaknya juga terus harus di tingkat kan lagi,3.0,Mie Iblis lv 3 - Udang Keju - Teh,Ordered on 14 November 2021,0,Buruk,,
1701446020-1864,https://gofood.co.id/en/surabaya/restaurant/mie-gacoan-genteng-f49fb30b-5b97-41b6-b66c-924da5d72fba/reviews,sangat enak sekali,5.0,Mie Iblis lv 2,Ordered on 3 December 2021,1,Baik,,
1701446020-1865,https://gofood.co.id/en/surabaya/restaurant/mie-gacoan-genteng-f49fb30b-5b97-41b6-b66c-924da5d72fba/reviews,"kemasannya agak di tingkatkan ya , soalnya es saya tumpah . dari tutup pres cup nya lepas.",4.0,Mie Iblis lv 3 - Udang Rambutan - Genderuwo,Ordered on 2 December 2021,0,Buruk,,
1701446020-1866,https://gofood.co.id/en/surabaya/restaurant/mie-gacoan-genteng-f49fb30b-5b97-41b6-b66c-924da5d72fba/reviews,Terima kasih banyak chef,5.0,Mie Angel - Siomay - Udang Rambutan - Mie Setan lv 2,Ordered on 2 December 2021,1,Baik,,
1701446020-1867,https://gofood.co.id/en/surabaya/restaurant/mie-gacoan-genteng-f49fb30b-5b97-41b6-b66c-924da5d72fba/reviews,pangsit ayamnya asin bangeeuuttttdd + gorengnya kurang golden brown mie rasa kurang passs keep spirit✨,1.0,Mie Iblis lv 2 - Udang Keju,Ordered on 2 December 2021,0,Buruk,,
1701446020-1869,https://gofood.co.id/en/surabaya/restaurant/mie-gacoan-genteng-f49fb30b-5b97-41b6-b66c-924da5d72fba/reviews,kemasannya kurang memadai kalau memakai sterofoam karna kurang higenis,4.0,Mie Setan lv 6 - Lumpia Udang - Mie Iblis lv 2 - Ceker,Ordered on 1 December 2021,0,Buruk,,
1701446020-1870,https://gofood.co.id/en/surabaya/restaurant/mie-gacoan-genteng-f49fb30b-5b97-41b6-b66c-924da5d72fba/reviews,"Pengemasannya ga banget kak🥺minyaknya tumpah kemana"", juga ga dikasih sumpit, Soal rasa, mienya sih enak Tapi, Udang rambutannya kurang sip (mie nya pakai mie yang besar, juga gorengnya kurang lama, jadi warnanya pun masih pucet) Minumannya oke kok",3.0,Mie Setan lv 2 - Udang Rambutan - Sundelbolong,Ordered on 28 November 2021,0,Buruk,,
1701446020-1871,https://gofood.co.id/en/surabaya/restaurant/mie-gacoan-genteng-f49fb30b-5b97-41b6-b66c-924da5d72fba/reviews,tolong untuk tulisan levelnya di perjelas atau menggunakan spidol karena tidak jelas penulisnya jadi bingung untuk membacanya dan untuk kemasannya tolong di upgrade jangan sterofoam karena bau leleh an gabus nya membuat mie nya menjadi tidak enak,3.0,Mie Iblis lv 3 - Mie Iblis lv 1 - Mie Iblis lv 2 - Mie Setan lv 4 - Mie Setan lv 3 - Mie Angel - Udang Rambutan,Ordered on 30 November 2021,0,Buruk,,
1701446020-1872,https://gofood.co.id/en/surabaya/restaurant/mie-gacoan-genteng-f49fb30b-5b97-41b6-b66c-924da5d72fba/reviews,"Gorengan nya enak, mie nya dikit",5.0,Mie Setan lv 2 - Mie Angel,Ordered on 30 November 2021,1,Baik,,
1701446020-1873,https://gofood.co.id/en/surabaya/restaurant/mie-gacoan-genteng-f49fb30b-5b97-41b6-b66c-924da5d72fba/reviews,tadi kayanya ada yg kelupaan deh,4.0,Udang Keju - Mie Iblis lv 3,Ordered on 30 November 2021,0,Buruk,,
1701446020-1874,https://gofood.co.id/en/surabaya/restaurant/mie-gacoan-genteng-f49fb30b-5b97-41b6-b66c-924da5d72fba/reviews,"Kardusnya bolong mie nya tumpah ruah di kreseknya, harusnya pakek wadah yang bener masak udah punyak nama packingnya masih pakek strerofom",1.0,Mie Iblis lv 1 - Udang Keju - Teh Tarik - Lumpia Udang,Ordered on 27 November 2021,0,Buruk,,
1701446020-1875,https://gofood.co.id/en/surabaya/restaurant/mie-gacoan-genteng-f49fb30b-5b97-41b6-b66c-924da5d72fba/reviews,recommrnded bgt,5.0,Mie Iblis lv 3 - Mie Iblis lv 2 - Pangsit,Ordered on 27 November 2021,1,Baik,,
1701446020-1876,https://gofood.co.id/en/surabaya/restaurant/mie-gacoan-genteng-f49fb30b-5b97-41b6-b66c-924da5d72fba/reviews,saya pesan level 6 dikirim level 4 :(,1.0,Mie Iblis lv 1 - Mie Iblis lv 4 - Udang Keju - Pangsit - Lumpia Udang - Mie Iblis lv 6,Ordered on 27 November 2021,0,Buruk,,
1701446020-1877,https://gofood.co.id/en/surabaya/restaurant/mie-gacoan-genteng-f49fb30b-5b97-41b6-b66c-924da5d72fba/reviews,mantap porsi mie dan pangsitnya,5.0,Mie Iblis lv 6 - Mie Setan lv 3 - Mie Angel - Pangsit,Ordered on 27 November 2021,1,Baik,,
1701446020-1878,https://gofood.co.id/en/surabaya/restaurant/mie-gacoan-genteng-f49fb30b-5b97-41b6-b66c-924da5d72fba/reviews,mantap nih gaes,5.0,Mie Iblis lv 0 - Mie Iblis lv 3,Ordered on 27 November 2021,1,Baik,,
1701446020-1879,https://gofood.co.id/en/surabaya/restaurant/mie-gacoan-genteng-f49fb30b-5b97-41b6-b66c-924da5d72fba/reviews,😘😘😘😘😘😘😘😘😘😘😘😘😘😘😘,4.0,Mie Angel - Mie Setan lv 4,Ordered on 25 November 2021,5,Buruk,,
1701446020-1880,https://gofood.co.id/en/surabaya/restaurant/mie-gacoan-genteng-f49fb30b-5b97-41b6-b66c-924da5d72fba/reviews,Level 8 mantab :),5.0,Mie Iblis lv 8,Ordered on 21 November 2021,1,Baik,,
1701446020-1881,https://gofood.co.id/en/surabaya/restaurant/mie-gacoan-genteng-f49fb30b-5b97-41b6-b66c-924da5d72fba/reviews,kemasan nya kurang menarik,5.0,Mie Iblis lv 3 - Mie Iblis lv 1 - Udang Rambutan,Ordered on 25 November 2021,0,Buruk,,
1701446020-1882,https://gofood.co.id/en/surabaya/restaurant/mie-gacoan-genteng-f49fb30b-5b97-41b6-b66c-924da5d72fba/reviews,kalau udang rambutan agak dikurangin minyak ikannya ya Kak soalnya baunya menyengat sekali,3.0,Mie Angel - Mie Setan lv 1 - Udang Rambutan - Pangsit,Ordered on 25 November 2021,0,Buruk,,
1701446020-1883,https://gofood.co.id/en/surabaya/restaurant/mie-gacoan-genteng-f49fb30b-5b97-41b6-b66c-924da5d72fba/reviews,"enak semua cuma gag respek sama nama2 makannya..,yg ada s*Tan ibl*s dan yg lainnya",4.0,Mie Iblis lv 1 - Udang Keju - Udang Rambutan - Lumpia Udang - Milo - Mie Setan lv 2,Ordered on 23 November 2021,5,Buruk,,
1701446020-1884,https://gofood.co.id/en/surabaya/restaurant/mie-gacoan-genteng-f49fb30b-5b97-41b6-b66c-924da5d72fba/reviews,makasih ya..makanan nya enakk,5.0,Mie Iblis lv 1 - Udang Keju,Ordered on 24 November 2021,1,Baik,,
1701446020-1885,https://gofood.co.id/en/surabaya/restaurant/mie-gacoan-genteng-f49fb30b-5b97-41b6-b66c-924da5d72fba/reviews,berminyak banget sampai tumpah-tumpah,3.0,Mie Setan lv 2 - Udang Rambutan - Mie Setan lv 3 - Mie Setan lv 1,Ordered on 24 November 2021,0,Buruk,,
1701446020-1886,https://gofood.co.id/en/surabaya/restaurant/mie-gacoan-genteng-f49fb30b-5b97-41b6-b66c-924da5d72fba/reviews,pasti enak banget,5.0,Pangsit - Mie Iblis lv 1,Ordered on 23 November 2021,1,Baik,,
1701446020-1887,https://gofood.co.id/en/surabaya/restaurant/mie-gacoan-genteng-f49fb30b-5b97-41b6-b66c-924da5d72fba/reviews,"Mohon maaf, bumbunya kemarin kurang kak",2.0,Mie Iblis lv 0,Ordered on 22 November 2021,0,Buruk,,
1701446020-1888,https://gofood.co.id/en/surabaya/restaurant/mie-gacoan-genteng-f49fb30b-5b97-41b6-b66c-924da5d72fba/reviews,porsiy kurang bnyk dikit,4.0,Udang Rambutan - Mie Iblis lv 6 - Mie Iblis lv 2,Ordered on 20 November 2021,0,Buruk,,
1701446020-1889,https://gofood.co.id/en/surabaya/restaurant/mie-gacoan-genteng-f49fb30b-5b97-41b6-b66c-924da5d72fba/reviews,dimsum udang rambutannya kurang matang sedikit,5.0,Udang Keju - Mie Iblis lv 1 - Mie Iblis lv 0 - Udang Rambutan,Ordered on 23 November 2021,0,Buruk,,
1701446020-1890,https://gofood.co.id/en/surabaya/restaurant/mie-gacoan-genteng-f49fb30b-5b97-41b6-b66c-924da5d72fba/reviews,"enak , semoga konsisten trs rasannya kaya gini",5.0,Lumpia Udang - Mie Iblis lv 1,Ordered on 22 November 2021,1,Baik,,
1701446020-1891,https://gofood.co.id/en/surabaya/restaurant/mie-gacoan-genteng-f49fb30b-5b97-41b6-b66c-924da5d72fba/reviews,"dimsumnya enak,Milo juga enak..enak semua pokoknya😍😍",5.0,Mie Iblis lv 3 - Siomay - Lumpia Udang - Milo,Ordered on 21 November 2021,1,Baik,,
1701446020-1892,https://gofood.co.id/en/surabaya/restaurant/mie-gacoan-genteng-f49fb30b-5b97-41b6-b66c-924da5d72fba/reviews,"udang keju & mie nya enak. Tapi kecewa, tadi pesan 1 porsi udang keju, salah satu gorengan nya ga ada keju nya:) padahal sudah sering beli disini. Semoga next time lebih teliti untuk ketepatan pesanan nya🙏🏻",3.0,Mie Setan lv 1 - Udang Keju,Ordered on 22 November 2021,0,Buruk,,
1701446020-1893,https://gofood.co.id/en/surabaya/restaurant/mie-gacoan-genteng-f49fb30b-5b97-41b6-b66c-924da5d72fba/reviews,"masak beli 2 yang 1 gak ada bumbunya, tolong lebih teliti aja sih udh sering order jg",3.0,Mie Iblis lv 3 - Mie Iblis lv 1 - Tuyul,Ordered on 22 November 2021,0,Buruk,,
1701446020-1894,https://gofood.co.id/en/surabaya/restaurant/mie-gacoan-genteng-f49fb30b-5b97-41b6-b66c-924da5d72fba/reviews,"Terimakasih, love you more 😍😍😍😍😍😍😍😍😍😍😍😍😍😍😍😍",5.0,Mie Iblis lv 3 - Mie Iblis lv 1,Ordered on 13 November 2021,1,Baik,,
1701446020-1895,https://gofood.co.id/en/surabaya/restaurant/mie-gacoan-genteng-f49fb30b-5b97-41b6-b66c-924da5d72fba/reviews,mantab... alhamdulillah byk promonya.. terima kasih,5.0,Udang Rambutan - Mie Iblis lv 0 - Mie Iblis lv 4 - Siomay - Udang Keju - Mie Iblis lv 3,Ordered on 20 November 2021,1,Baik,,
1701446020-1896,https://gofood.co.id/en/surabaya/restaurant/mie-gacoan-genteng-f49fb30b-5b97-41b6-b66c-924da5d72fba/reviews,"cuma 1 kekurangan nya , banyak minyaknya",5.0,Mie Angel - Mie Setan lv 1 - Mie Iblis lv 1 - Pangsit - Mie Iblis lv 0,Ordered on 20 November 2021,0,Buruk,,
1701446020-1897,https://gofood.co.id/en/surabaya/restaurant/mie-gacoan-genteng-f49fb30b-5b97-41b6-b66c-924da5d72fba/reviews,"baru kali ini mie nya asin poll trs terlalu banyak minyak :"")",3.0,Mie Setan lv 2 - Lumpia Udang - Udang Rambutan,Ordered on 20 November 2021,0,Buruk,,
1701446020-1898,https://gofood.co.id/en/surabaya/restaurant/mie-gacoan-genteng-f49fb30b-5b97-41b6-b66c-924da5d72fba/reviews,knl sekarang pelit sambel padahal pesenx level 6 lohhh tp g ada cabex,5.0,Mie Iblis lv 6 - Udang Keju - Udang Rambutan,Ordered on 8 November 2021,0,Buruk,,
1701446020-1899,https://gofood.co.id/en/surabaya/restaurant/mie-gacoan-genteng-f49fb30b-5b97-41b6-b66c-924da5d72fba/reviews,"es milo nya juara, terimakasih mie gacoan👍",4.0,Mie Iblis lv 3 - Udang Rambutan - Siomay - Milo,Ordered on 15 November 2021,1,Baik,,
1701446020-1900,https://gofood.co.id/en/surabaya/restaurant/mie-gacoan-genteng-f49fb30b-5b97-41b6-b66c-924da5d72fba/reviews,pesan lv 4 tp ga pedas sama sekali kyk biasanya-_- udahlah nunggu lama yg dimakan ga sesuai ekspetasi,3.0,Siomay - Udang Rambutan - Udang Keju - Lumpia Udang - Mie Iblis lv 4 - Mie Iblis lv 2 - Mie Iblis lv 3,Ordered on 14 November 2021,0,Buruk,,
1701446020-1901,https://gofood.co.id/en/surabaya/restaurant/mie-gacoan-genteng-f49fb30b-5b97-41b6-b66c-924da5d72fba/reviews,Pesanan kurang 1,1.0,Mie Iblis lv 3 - Mie Iblis lv 1 - Udang Rambutan,Ordered on 13 November 2021,0,Buruk,,
1701446020-1902,https://gofood.co.id/en/surabaya/restaurant/mie-gacoan-genteng-f49fb30b-5b97-41b6-b66c-924da5d72fba/reviews,gag diragukan lagii,5.0,Udang Rambutan - Mie Iblis lv 1 - Mie Iblis lv 0 - Siomay - Udang Keju,Ordered on 13 November 2021,1,Baik,,
1701446020-1903,https://gofood.co.id/en/surabaya/restaurant/mie-gacoan-genteng-f49fb30b-5b97-41b6-b66c-924da5d72fba/reviews,salah ngasih pesanan...,1.0,Udang Rambutan - Udang Keju - Mie Iblis lv 2,Ordered on 12 November 2021,0,Buruk,,
1701446020-1904,https://gofood.co.id/en/surabaya/restaurant/mie-gacoan-genteng-f49fb30b-5b97-41b6-b66c-924da5d72fba/reviews,enak as always. es coklatnya juga enak tapi rasanya kayak pop ice...,4.0,Mie Iblis lv 0 - Coklat,Ordered on 12 November 2021,1,Baik,,
1701446020-1905,https://gofood.co.id/en/surabaya/restaurant/mie-gacoan-genteng-f49fb30b-5b97-41b6-b66c-924da5d72fba/reviews,semoga bisa lebih cepat lagi prosesnya,5.0,Mie Iblis lv 1 - Mie Iblis lv 2 - Mie Iblis lv 3 - Mie Iblis lv 0,Ordered on 12 November 2021,5,Buruk,,
1701446020-1906,https://gofood.co.id/en/surabaya/restaurant/mie-gacoan-genteng-f49fb30b-5b97-41b6-b66c-924da5d72fba/reviews,terlalu berminyak dan agak keasinan untuk aku sih,3.0,Mie Iblis lv 4 - Udang Keju - Mie Setan lv 2,Ordered on 9 November 2021,0,Buruk,,
1701446020-1907,https://gofood.co.id/en/surabaya/restaurant/mie-gacoan-genteng-f49fb30b-5b97-41b6-b66c-924da5d72fba/reviews,"gak konsisten ya, kadang kecapnya kurang smpek mie keliatan putih dan juga nggrembel tdk terurai, tadi lumpia udangnya msih putih kyk tidak digoreng, kecewa tpi msih bisa dimakan",3.0,Udang Keju - Lumpia Udang - Mie Iblis lv 4 - Mie Iblis lv 6,Ordered on 9 November 2021,0,Buruk,,
1701446020-1908,https://gofood.co.id/en/surabaya/restaurant/mie-gacoan-genteng-f49fb30b-5b97-41b6-b66c-924da5d72fba/reviews,"Pesanan tidak lengkap, thai green tea ada dalam menu pemesanan namun tidak dalam struk pembelanjaan",2.0,Mie Iblis lv 1 - Mie Setan lv 1 - Udang Keju - Thai Green Tea - Pangsit - Air Mineral,Ordered on 9 November 2021,0,Buruk,,
1701446020-1909,https://gofood.co.id/en/surabaya/restaurant/mie-gacoan-genteng-f49fb30b-5b97-41b6-b66c-924da5d72fba/reviews,2x ini sya psen level 8 gk ada cabe.nya kyak lvel 1,5.0,Mie Setan lv 1 - Mie Setan lv 8,Ordered on 8 November 2021,0,Buruk,,
1701446020-1910,https://gofood.co.id/en/surabaya/restaurant/mie-gacoan-genteng-f49fb30b-5b97-41b6-b66c-924da5d72fba/reviews,nunggu nya kelamaan.,4.0,Lumpia Udang - Udang Rambutan - Mie Iblis lv 1,Ordered on 8 November 2021,0,Buruk,,
1701446020-1911,https://gofood.co.id/en/surabaya/restaurant/mie-gacoan-genteng-f49fb30b-5b97-41b6-b66c-924da5d72fba/reviews,Rasanya enak tapi kalau harus tunggunya super lama dan harga reasonable,5.0,Mie Setan lv 3 - Mie Iblis lv 0 - Udang Rambutan,Ordered on 8 November 2021,0,Buruk,,
1701446020-1912,https://gofood.co.id/en/surabaya/restaurant/mie-gacoan-genteng-f49fb30b-5b97-41b6-b66c-924da5d72fba/reviews,"Mantap bangett 👍 baru coba, udang keju dan lumpianya rekomen bener bener sesuai dengan claim-nya!",5.0,Mie Angel - Mie Iblis lv 2 - Siomay - Udang Keju - Lumpia Udang,Ordered on 8 November 2021,1,Baik,,
1701446020-1913,https://gofood.co.id/en/surabaya/restaurant/mie-gacoan-genteng-f49fb30b-5b97-41b6-b66c-924da5d72fba/reviews,antriannya hampir 2 jam.,3.0,Mie Iblis lv 3,Ordered on 7 November 2021,0,Buruk,,
1701446020-1914,https://gofood.co.id/en/surabaya/restaurant/mie-gacoan-genteng-f49fb30b-5b97-41b6-b66c-924da5d72fba/reviews,makanan minuman enak semua tapi nunggu 2 jam. pesan jam 10 sampe rumah jam 12. tambahin pegawainya dongg,4.0,Genderuwo - Mie Iblis lv 4 - Udang Keju,Ordered on 7 November 2021,0,Buruk,,
1701446020-1915,https://gofood.co.id/en/surabaya/restaurant/mie-gacoan-genteng-f49fb30b-5b97-41b6-b66c-924da5d72fba/reviews,paling juaraa udang kejunyaa,5.0,Mie Iblis lv 0 - Udang Keju,Ordered on 31 October 2021,1,Baik,,
1701446020-1916,https://gofood.co.id/en/surabaya/restaurant/mie-gacoan-genteng-f49fb30b-5b97-41b6-b66c-924da5d72fba/reviews,jooosss banget... di tingkat kan lagi ya biar tambah banyak pelanggan nya....👍👍👍,5.0,Udang Rambutan - Mie Iblis lv 2 - Siomay,Ordered on 7 November 2021,1,Baik,,
1701446020-1917,https://gofood.co.id/en/surabaya/restaurant/mie-gacoan-genteng-f49fb30b-5b97-41b6-b66c-924da5d72fba/reviews,Dingin dan saos cuman di kasih 1 padahal biasanya di kasih 2,3.0,Mie Setan lv 1 - Udang Rambutan - Mie Setan lv 2 - Udang Keju,Ordered on 5 November 2021,0,Buruk,,
1701446020-1918,https://gofood.co.id/en/surabaya/restaurant/mie-gacoan-genteng-f49fb30b-5b97-41b6-b66c-924da5d72fba/reviews,RASANYA KADANG PEDES BGT KADANG GA PEDES LEVEL 1 NYA,4.0,Mie Iblis lv 1 - Teh,Ordered on 4 November 2021,0,Buruk,,
1701446020-1919,https://gofood.co.id/en/surabaya/restaurant/mie-gacoan-genteng-f49fb30b-5b97-41b6-b66c-924da5d72fba/reviews,pesanan di antar terlalu lamaaaa sekali,4.0,Mie Iblis Lv 1 - Mie Iblis Lv 0,Ordered on 15 October 2021,0,Buruk,,
1701446020-1920,https://gofood.co.id/en/surabaya/restaurant/mie-gacoan-genteng-f49fb30b-5b97-41b6-b66c-924da5d72fba/reviews,"baru kali ini pesanan saya salah,, saya pesan udang rambutan tapi yang dianter udah keju,, padahal di struk.nya bener udang rambutan",4.0,Mie Setan lv 1 - Udang Rambutan - Coklat,Ordered on 3 November 2021,0,Buruk,,
1701446020-1921,https://gofood.co.id/en/surabaya/restaurant/mie-gacoan-genteng-f49fb30b-5b97-41b6-b66c-924da5d72fba/reviews,good enak mantap siiip deeeh,5.0,Mie Iblis lv 0 - Mie Iblis lv 1,Ordered on 1 November 2021,1,Baik,,
1701446020-1922,https://gofood.co.id/en/surabaya/restaurant/mie-gacoan-genteng-f49fb30b-5b97-41b6-b66c-924da5d72fba/reviews,gak dikasih nomer level pedasnya jadi bingung,2.0,Mie Iblis lv 8 - Mie Iblis lv 0 - Mie Iblis lv 6 - Mie Iblis lv 1,Ordered on 3 November 2021,0,Buruk,,
1701446020-1923,https://gofood.co.id/en/surabaya/restaurant/mie-gacoan-genteng-f49fb30b-5b97-41b6-b66c-924da5d72fba/reviews,"kemasan tidak rapi,yg mengakibatkan sebagian bumbu mie keluar dr kemasan dan menempel pda kresek",5.0,Mie Iblis lv 2 - Mie Iblis lv 1 - Udang Keju,Ordered on 2 November 2021,0,Buruk,,
1701446020-1924,https://gofood.co.id/en/surabaya/restaurant/mie-gacoan-genteng-f49fb30b-5b97-41b6-b66c-924da5d72fba/reviews,"mie nya kurang matang dan kering. Biasanya enak.,moga kwalitas rasa selalu dijaga.",3.0,Mie Iblis lv 3 - Lumpia Udang,Ordered on 31 October 2021,0,Buruk,,
1701446020-1925,https://gofood.co.id/en/surabaya/restaurant/mie-gacoan-genteng-f49fb30b-5b97-41b6-b66c-924da5d72fba/reviews,muantabbb pedesnya,5.0,Mie Iblis lv 3 - Mie Iblis lv 2 - Mie Iblis lv 4 - Udang Keju - Udang Rambutan - Lumpia Udang - Lemon Tea - Pocong,Ordered on 2 November 2021,1,Baik,,
1701446020-1926,https://gofood.co.id/en/surabaya/restaurant/mie-gacoan-genteng-f49fb30b-5b97-41b6-b66c-924da5d72fba/reviews,kemaren aku kesana mau makan ditempat udah ngantri panjang dan udah dapat kepastian dari crew sana untuk makan disana.. tapi pas ditempat kasir malah disuruh bungkus karena tempatnya full.. padahal sebelumnya udah dapat kepastian dari crew tempat makan nya masih ada dan bisa dimakan ditempat... tolong lain kali lebih teliti lagi... saya bela2in antri lama tapi pas nyampek kasir malah disuruh bungkus.. kecewa 👎,1.0,Mie Iblis lv 3,Ordered on 2 November 2021,0,Buruk,,
1701446020-1927,https://gofood.co.id/en/surabaya/restaurant/mie-gacoan-genteng-f49fb30b-5b97-41b6-b66c-924da5d72fba/reviews,pesanan lama banget,3.0,Mie Iblis lv 6 - Udang Rambutan,Ordered on 1 November 2021,0,Buruk,,
1701446020-1928,https://gofood.co.id/en/surabaya/restaurant/mie-gacoan-genteng-f49fb30b-5b97-41b6-b66c-924da5d72fba/reviews,"mie nya enak, cuman tadi sempet dicancel sama driver hingga 4 kali, dan yg ke 5 sabar untuk menunggu antrian",5.0,Mie Setan lv 1 - Mie Angel - Mie Iblis lv 4 - Udang Rambutan,Ordered on 31 October 2021,5,Buruk,,
1701446020-1929,https://gofood.co.id/en/surabaya/restaurant/mie-gacoan-genteng-f49fb30b-5b97-41b6-b66c-924da5d72fba/reviews,pesanan kurang dan tidak teliti,2.0,Mie Iblis lv 1 - Mie Angel - Mie Iblis lv 6 - Pangsit,Ordered on 31 October 2021,0,Buruk,,
1701446020-1930,https://gofood.co.id/en/surabaya/restaurant/mie-gacoan-genteng-f49fb30b-5b97-41b6-b66c-924da5d72fba/reviews,thanks chef..  bener bener enak banget mie nya,5.0,Mie Iblis lv 3,Ordered on 31 October 2021,0,Buruk,,
1701446020-1931,https://gofood.co.id/en/surabaya/restaurant/mie-gacoan-genteng-f49fb30b-5b97-41b6-b66c-924da5d72fba/reviews,"cabe dan mie'nya terpisah, gak langsung dicampur",4.0,Mie Setan lv 6 - Pangsit - Mie Setan lv 3 - Sundelbolong,Ordered on 31 October 2021,0,Buruk,,
1701446020-1932,https://gofood.co.id/en/surabaya/restaurant/mie-gacoan-genteng-f49fb30b-5b97-41b6-b66c-924da5d72fba/reviews,banyakin cabang mie gacoan di Surabaya ya kak!!,5.0,Mie Iblis lv 2 - Pangsit - Mie Iblis lv 3,Ordered on 31 October 2021,1,Baik,,
1701446020-1933,https://gofood.co.id/en/surabaya/restaurant/mie-gacoan-genteng-f49fb30b-5b97-41b6-b66c-924da5d72fba/reviews,muantaaap jooonnn level 1 seperti level 4 pedesnya tu makan pertama biasa makan ke 2-3 wiiihhhh sadiisss semenjak makin rame gorengan yg udah free dimienya makin kecil ya heheh padahal fav pol samaa gacoan jangaan dirubah dongg,4.0,Mie Iblis Lv 1 - Udang Keju - Mie Angel Super - Lumpia Udang,Ordered on 28 October 2021,1,Baik,,
1701446020-1934,https://gofood.co.id/en/surabaya/restaurant/mie-gacoan-genteng-f49fb30b-5b97-41b6-b66c-924da5d72fba/reviews,"salah menu mungkin , karna pesennya lv 1 dikasih yg sangat pedes",1.0,Mie Iblis Lv 1,Ordered on 30 October 2021,0,Buruk,,
1701446020-1935,https://gofood.co.id/en/surabaya/restaurant/mie-gacoan-genteng-f49fb30b-5b97-41b6-b66c-924da5d72fba/reviews,mohon konsisten... kadang level 3puedes.. kmaren pesen level 4.. gak pedes..,5.0,Mie Iblis Lv 4 - Mie Iblis Lv 3,Ordered on 26 October 2021,0,Buruk,,
1701446020-1936,https://gofood.co.id/en/surabaya/restaurant/mie-gacoan-genteng-f49fb30b-5b97-41b6-b66c-924da5d72fba/reviews,deivernya sabar nunggu dri tadi udh ganti driver smpk 3 kali,5.0,Mie Setan LV 4 - Udang Rambutan - Udang Keju - Es Tuyul,Ordered on 28 October 2021,0,Buruk,,
1701446020-1937,https://gofood.co.id/en/surabaya/restaurant/mie-gacoan-genteng-f49fb30b-5b97-41b6-b66c-924da5d72fba/reviews,"untuk Mie angel, tidàk ada rasanya. kurang BUMBU.",4.0,Mie Angel Super - Mie Iblis Lv 3 - Udang Rambutan - Mie Setan LV 2,Ordered on 27 October 2021,0,Buruk,,
1701446020-1938,https://gofood.co.id/en/surabaya/restaurant/mie-gacoan-genteng-f49fb30b-5b97-41b6-b66c-924da5d72fba/reviews,"Porsinxa tambah dikit dari biasanxa, mungkin sangking ramenxa makanxa dapatnxa dikit.",3.0,Mie Iblis Lv 4,Ordered on 27 October 2021,0,Buruk,,
1701446020-1939,https://gofood.co.id/en/surabaya/restaurant/mie-gacoan-genteng-f49fb30b-5b97-41b6-b66c-924da5d72fba/reviews,klo mie agak basah mgkn tmbh enak,5.0,Mie Iblis Lv 3,Ordered on 26 October 2021,0,Buruk,,
1701446020-1940,https://gofood.co.id/en/surabaya/restaurant/mie-gacoan-genteng-f49fb30b-5b97-41b6-b66c-924da5d72fba/reviews,makasih yaa makanannya enak walaupun lama,5.0,Mie Iblis Lv 1,Ordered on 25 October 2021,1,Baik,,
1701446020-1941,https://gofood.co.id/en/surabaya/restaurant/mie-gacoan-genteng-f49fb30b-5b97-41b6-b66c-924da5d72fba/reviews,pelayanan lama sekali,3.0,Mie Iblis Lv 1 - Udang Rambutan - Udang Keju,Ordered on 24 October 2021,0,Buruk,,
1701446020-1942,https://gofood.co.id/en/surabaya/restaurant/mie-gacoan-genteng-f49fb30b-5b97-41b6-b66c-924da5d72fba/reviews,level kepedasan nya gk sesuai,4.0,Mie Iblis Lv 3 - Udang Rambutan - Udang Keju - Mie Iblis Lv 0 - Mie Iblis Lv 2 - Siomay Ayam - Pangsit Goreng,Ordered on 24 October 2021,0,Buruk,,
1701446020-1943,https://gofood.co.id/en/surabaya/restaurant/mie-gacoan-genteng-f49fb30b-5b97-41b6-b66c-924da5d72fba/reviews,enak banget kematangan pass,5.0,Mie Iblis Lv 1 - Udang Rambutan,Ordered on 24 October 2021,1,Baik,,
1701446020-1944,https://gofood.co.id/en/surabaya/restaurant/mie-gacoan-genteng-f49fb30b-5b97-41b6-b66c-924da5d72fba/reviews,Mantap Enak Cepat,5.0,Mie Setan LV 1 - Mie Iblis Lv 3 - Udang Rambutan,Ordered on 23 October 2021,1,Baik,,
1701446020-1945,https://gofood.co.id/en/surabaya/restaurant/mie-gacoan-genteng-f49fb30b-5b97-41b6-b66c-924da5d72fba/reviews,mantab abis cakk,5.0,Mie Iblis Lv 2 - Siomay Ayam - Udang Rambutan,Ordered on 23 October 2021,1,Baik,,
1701446020-1946,https://gofood.co.id/en/surabaya/restaurant/mie-gacoan-genteng-f49fb30b-5b97-41b6-b66c-924da5d72fba/reviews,"sumpah enaaaaaakkkk bangeeeddd ,bikin nagih, udang kejunya juga enak poooollllll 😍",5.0,Mie Iblis Lv 2 - Udang Keju,Ordered on 23 October 2021,1,Baik,,
1701446020-1947,https://gofood.co.id/en/surabaya/restaurant/mie-gacoan-genteng-f49fb30b-5b97-41b6-b66c-924da5d72fba/reviews,enak banget pokoknya aku suka. porsi banyak harga rakyat enak pkoknya,5.0,Mie Iblis Lv 1 - Udang Keju,Ordered on 22 October 2021,1,Baik,,
1701446020-1948,https://gofood.co.id/en/surabaya/restaurant/mie-gacoan-genteng-f49fb30b-5b97-41b6-b66c-924da5d72fba/reviews,"porsinya kurang,,gak sesuai pesanan",2.0,Udang Rambutan - Mie Iblis Lv 1,Ordered on 22 October 2021,0,Buruk,,
1701446020-1949,https://gofood.co.id/en/surabaya/restaurant/mie-gacoan-genteng-f49fb30b-5b97-41b6-b66c-924da5d72fba/reviews,mie gacoan ga perlu di ragukan lagi. rasanya enak polll,5.0,Mie Iblis Lv 3 - Udang Rambutan - Mie Iblis Lv 1,Ordered on 21 October 2021,1,Baik,,
1701446020-1950,https://gofood.co.id/en/surabaya/restaurant/mie-gacoan-genteng-f49fb30b-5b97-41b6-b66c-924da5d72fba/reviews,kebanyakan kecap hehe,4.0,Udang Rambutan - Udang Keju - Mie Iblis Lv 2,Ordered on 19 October 2021,0,Buruk,,
1701446020-1951,https://gofood.co.id/en/surabaya/restaurant/mie-gacoan-genteng-f49fb30b-5b97-41b6-b66c-924da5d72fba/reviews,bakalan jadi makanan favv ini🥰,5.0,Mie Iblis Lv 8 - Udang Rambutan - Lumpia Udang,Ordered on 20 October 2021,1,Baik,,
1701446020-1952,https://gofood.co.id/en/surabaya/restaurant/mie-gacoan-genteng-f49fb30b-5b97-41b6-b66c-924da5d72fba/reviews,level 8 tpi kok kyak level 2 ya mbak mas,5.0,Mie Iblis Lv 8,Ordered on 20 October 2021,0,Buruk,,
1701446020-1953,https://gofood.co.id/en/surabaya/restaurant/mie-gacoan-genteng-f49fb30b-5b97-41b6-b66c-924da5d72fba/reviews,kurangi penggunaan sterefoam yang berlebihan,3.0,Mie Iblis Lv 3 - Udang Keju - Udang Rambutan - Siomay Ayam - Lumpia Udang - Mie Iblis Lv 1,Ordered on 19 October 2021,0,Buruk,,
1701446020-1954,https://gofood.co.id/en/surabaya/restaurant/mie-gacoan-genteng-f49fb30b-5b97-41b6-b66c-924da5d72fba/reviews,ada baiknya jika kemasan takeaway bisa diganti dengan yang lain. jadi tidak menggunakan styrofoam,3.0,Mie Iblis Lv 0 - Mie Setan LV 1,Ordered on 18 October 2021,0,Buruk,,
1701446020-1955,https://gofood.co.id/en/surabaya/restaurant/mie-gacoan-genteng-f49fb30b-5b97-41b6-b66c-924da5d72fba/reviews,Isi keripik pangsinya semakin lama semakin sedikit jadi kuang puas,2.0,Mie Iblis Lv 2 - Mie Iblis Lv 1 - Udang Keju - Lumpia Udang,Ordered on 17 October 2021,0,Buruk,,
1701446020-1956,https://gofood.co.id/en/surabaya/restaurant/mie-gacoan-genteng-f49fb30b-5b97-41b6-b66c-924da5d72fba/reviews,"2x belakang pesen gak sesuai,pas pesen pedes sedengan (level 4) ternyata pedes banget(kayak lvl 8) pas pesen yang pedes (level 6) gak ada pedesnya blassss..mohon diperhatikan lagi...kali ini kok jadi banyak banget minyak nya yah🙄",3.0,Mie Setan LV 4 - Udang Rambutan,Ordered on 17 October 2021,0,Buruk,,
1701446020-1957,https://gofood.co.id/en/surabaya/restaurant/mie-gacoan-genteng-f49fb30b-5b97-41b6-b66c-924da5d72fba/reviews,"Sayangnya dari mie ini adalah rasa pedesnya yg konsisten setiap kali pesan,  hr ini ttp enak hanya kurang pedes",4.0,Mie Iblis Lv 4 - Siomay Ayam - Lumpia Udang - Mie Iblis Lv 2,Ordered on 15 October 2021,0,Buruk,,
1701446020-1958,https://gofood.co.id/en/surabaya/restaurant/mie-gacoan-genteng-f49fb30b-5b97-41b6-b66c-924da5d72fba/reviews,"jangan pesen pas makan siang, 1 jam lebih cuma buat nunggu.",1.0,Mie Iblis Lv 0 - Siomay Ayam - Ice Tea,Ordered on 14 October 2021,0,Buruk,,
1701446020-1959,https://gofood.co.id/en/surabaya/restaurant/mie-gacoan-genteng-f49fb30b-5b97-41b6-b66c-924da5d72fba/reviews,sangat memuaskan gojeknya ramah,5.0,Mie Iblis Lv 8 - Udang Keju,Ordered on 13 October 2021,5,Buruk,,
1701446020-1960,https://gofood.co.id/en/surabaya/restaurant/mie-gacoan-genteng-f49fb30b-5b97-41b6-b66c-924da5d72fba/reviews,Semoga kedepan gapake sterofoam lagi yaa,5.0,Mie Iblis Lv 4 - Udang Keju,Ordered on 11 October 2021,0,Buruk,,
1701446020-1961,https://gofood.co.id/en/surabaya/restaurant/mie-gacoan-genteng-f49fb30b-5b97-41b6-b66c-924da5d72fba/reviews,Pesanan gak sesuai,3.0,Mie Angel Super - Mie Setan LV 4 - Pangsit Goreng - Es Pocong - Siomay Ayam - Mie Iblis Lv 6 - Ice Tea,Ordered on 12 October 2021,0,Buruk,,
1701446020-1962,https://gofood.co.id/en/surabaya/restaurant/mie-gacoan-genteng-f49fb30b-5b97-41b6-b66c-924da5d72fba/reviews,rasanya enak kemasan lama nunggu nya,5.0,Mie Iblis Lv 4 - Mie Iblis Lv 0,Ordered on 2 October 2021,0,Buruk,,
1701446020-1963,https://gofood.co.id/en/surabaya/restaurant/mie-gacoan-genteng-f49fb30b-5b97-41b6-b66c-924da5d72fba/reviews,"Bumbu kurang tercampur, ada kesan terburu dalam penyajian, dan juga proses penyajian makanan sangat lama",4.0,Mie Iblis Lv 3 - Mie Iblis Lv 1 - Siomay Ayam - Udang Rambutan,Ordered on 6 October 2021,0,Buruk,,
1701446020-1964,https://gofood.co.id/en/surabaya/restaurant/mie-gacoan-genteng-f49fb30b-5b97-41b6-b66c-924da5d72fba/reviews,terimakasih pak sopir,5.0,Mie Setan LV 1 - Mie Angel Super - Es Coklat,Ordered on 30 September 2021,5,Buruk,,
1701446020-1965,https://gofood.co.id/en/surabaya/restaurant/mie-gacoan-genteng-f49fb30b-5b97-41b6-b66c-924da5d72fba/reviews,pesen level nya gk sesuai takaran pedes banget Sampek perut sakit pesen level satu seperti level 3 banyak banget sambelnya,2.0,Mie Iblis Lv 1 - Mie Iblis Lv 3 - Mie Angel Super,Ordered on 10 October 2021,0,Buruk,,
1701446020-1966,https://gofood.co.id/en/surabaya/restaurant/mie-gacoan-genteng-f49fb30b-5b97-41b6-b66c-924da5d72fba/reviews,terima kasih banyak ya,5.0,Udang Rambutan - Lumpia Udang - Pangsit Goreng - Lemon Tea - Udang Keju - Mie Setan LV 4,Ordered on 10 October 2021,1,Baik,,
1701446020-1967,https://gofood.co.id/en/surabaya/restaurant/mie-gacoan-genteng-f49fb30b-5b97-41b6-b66c-924da5d72fba/reviews,"huwow aku td pesen yg lev 6 kuping nguing"" zuperrrr pengen balik lagi tapi , jangan berubah rasa kek sebelah ya...ups",5.0,Mie Iblis Lv 6 - Udang Rambutan,Ordered on 9 October 2021,1,Baik,,
1701446020-1968,https://gofood.co.id/en/surabaya/restaurant/mie-gacoan-genteng-f49fb30b-5b97-41b6-b66c-924da5d72fba/reviews,"lama nunggunya, karyawan nya perlu ditambah kayaknua",1.0,Mie Iblis Lv 8 - Mie Iblis Lv 1 - Mie Iblis Lv 0 - Udang Keju,Ordered on 4 October 2021,0,Buruk,,
1701446020-1969,https://gofood.co.id/en/surabaya/restaurant/mie-gacoan-genteng-f49fb30b-5b97-41b6-b66c-924da5d72fba/reviews,rasa mantap enakk,5.0,Mie Iblis Lv 1 - Udang Rambutan,Ordered on 8 October 2021,1,Baik,,
1701446020-1970,https://gofood.co.id/en/surabaya/restaurant/mie-gacoan-genteng-f49fb30b-5b97-41b6-b66c-924da5d72fba/reviews,nyokot pedeseee,5.0,Mie Iblis Lv 1 - Mie Setan LV 1 - Siomay Ayam - Ceker Ayam,Ordered on 7 October 2021,1,Baik,,
1701446020-1971,https://gofood.co.id/en/surabaya/restaurant/mie-gacoan-genteng-f49fb30b-5b97-41b6-b66c-924da5d72fba/reviews,Good Food..Thank you,4.0,Mie Iblis Lv 1 - Siomay Ayam,Ordered on 6 October 2021,1,Baik,,
1701446020-1972,https://gofood.co.id/en/surabaya/restaurant/mie-gacoan-genteng-f49fb30b-5b97-41b6-b66c-924da5d72fba/reviews,uenak poool pedese,5.0,Mie Iblis Lv 6 - Thai Green Tea,Ordered on 5 October 2021,1,Baik,,
1701446020-1973,https://gofood.co.id/en/surabaya/restaurant/mie-gacoan-genteng-f49fb30b-5b97-41b6-b66c-924da5d72fba/reviews,teliti lagi ya kak pesennya mie 3 kok datengnya cuma 2 hedeh,1.0,Udang Keju - Mie Setan LV 2 - Mie Iblis Lv 0 - Lumpia Udang,Ordered on 5 October 2021,0,Buruk,,
1701446020-1974,https://gofood.co.id/en/surabaya/restaurant/mie-gacoan-genteng-f49fb30b-5b97-41b6-b66c-924da5d72fba/reviews,mienya kok kayak berpasir yaa pesan 3 semuanya gitu. apa emang bumbunya?,4.0,Mie Iblis Lv 1 - Mie Angel Super - Mie Iblis Lv 3,Ordered on 4 October 2021,5,Buruk,,
1701446020-1975,https://gofood.co.id/en/surabaya/restaurant/mie-gacoan-genteng-f49fb30b-5b97-41b6-b66c-924da5d72fba/reviews,kok gk dikasi sumpit? sumpitnya mana,4.0,Udang Rambutan - Mie Iblis Lv 4 - Mie Angel Super - Mie Iblis Lv 3,Ordered on 4 October 2021,0,Buruk,,
1701446020-1976,https://gofood.co.id/en/surabaya/restaurant/mie-gacoan-genteng-f49fb30b-5b97-41b6-b66c-924da5d72fba/reviews,kematengan  gk enak lembek,1.0,Udang Rambutan - Udang Keju - Mie Iblis Lv 4 - Siomay Ayam - Mie Iblis Lv 0,Ordered on 4 October 2021,0,Buruk,,
1701446020-1977,https://gofood.co.id/en/surabaya/restaurant/mie-gacoan-genteng-f49fb30b-5b97-41b6-b66c-924da5d72fba/reviews,prsi nya kurang,1.0,Mie Iblis Lv 3 - Mie Iblis Lv 4,Ordered on 4 October 2021,0,Buruk,,
1701446020-1978,https://gofood.co.id/en/surabaya/restaurant/mie-gacoan-genteng-f49fb30b-5b97-41b6-b66c-924da5d72fba/reviews,sayang lama banget pesanan nya,5.0,Mie Iblis Lv 2,Ordered on 3 October 2021,0,Buruk,,
1701446020-1979,https://gofood.co.id/en/surabaya/restaurant/mie-gacoan-genteng-f49fb30b-5b97-41b6-b66c-924da5d72fba/reviews,Perlu ditingkatkan kembali mengenai kemasannya. terima kasih.,5.0,Siomay Ayam - Udang Rambutan - Udang Keju - Pangsit Goreng - Lumpia Udang - Mie Iblis Lv 0 - Mie Setan LV 2 - Mie Iblis Lv 1,Ordered on 2 October 2021,0,Buruk,,
1701446020-1980,https://gofood.co.id/en/surabaya/restaurant/mie-gacoan-genteng-f49fb30b-5b97-41b6-b66c-924da5d72fba/reviews,setiap pesen level yg lebih kecil slalu ketuker Ama lvl gede padahal di sterofoam nya udah ketulis lvlnya tapi isinya ketuker,1.0,Mie Iblis Lv 1 - Mie Iblis Lv 3 - Mie Iblis Lv 6,Ordered on 29 September 2021,0,Buruk,,
1701446020-1981,https://gofood.co.id/en/surabaya/restaurant/mie-gacoan-genteng-f49fb30b-5b97-41b6-b66c-924da5d72fba/reviews,Sekarang rasanya gak karoan gak kayak biasanya Uda brubah poolll,1.0,Mie Iblis Lv 6 - Mie Iblis Lv 1 - Mie Iblis Lv 2,Ordered on 29 September 2021,0,Buruk,,
1701446020-1982,https://gofood.co.id/en/surabaya/restaurant/mie-gacoan-genteng-f49fb30b-5b97-41b6-b66c-924da5d72fba/reviews,sayang ghk ada sumpitnya,5.0,Mie Iblis Lv 3 - Udang Keju - Udang Rambutan,Ordered on 30 September 2021,0,Buruk,,
1701446020-1983,https://gofood.co.id/en/surabaya/restaurant/mie-gacoan-genteng-f49fb30b-5b97-41b6-b66c-924da5d72fba/reviews,mantul & mumer cuma lama pakai bngttt ready pesanannya. kasian lht driver nya nunggu lama hampir 1 jam lebih. saran ajah karyawannya d tambah atau d bagi d bbrpa tempat jd tdk d dapur semua biar cpt selesai. itu ajah saran dri sy. sukses selalu,5.0,Mie Iblis Lv 1 - Udang Rambutan,Ordered on 30 September 2021,1,Baik,,
1701446020-1984,https://gofood.co.id/en/surabaya/restaurant/mie-gacoan-genteng-f49fb30b-5b97-41b6-b66c-924da5d72fba/reviews,enak rasanya bikin ketagihan,5.0,Mie Iblis Lv 3 - Udang Keju - Mie Iblis Lv 2,Ordered on 28 September 2021,1,Baik,,
1701446020-1985,https://gofood.co.id/en/surabaya/restaurant/mie-gacoan-genteng-f49fb30b-5b97-41b6-b66c-924da5d72fba/reviews,"Mie ini jadi pilihan lain dari mie2 sekelas dia yang mirip, rasa nya sebenernya hampir kirip dgn merk sebelah, cuma ini kerasa lebih enak karena tekstur mienya yg lebih kecil, porsinya juga udah pas, sayang kemasannya biasa aja. Oia yg paling rekomen adalah menu dimsum nya, enak banget udang ayamnya kerasa , sejauh ini dimsumnya juara drpda yg lain",5.0,Mie Iblis Lv 2 - Mie Iblis Lv 1 - Mie Iblis Lv 4 - Siomay Ayam - Udang Keju - Lumpia Udang,Ordered on 28 September 2021,1,Baik,,
1701446020-1986,https://gofood.co.id/en/surabaya/restaurant/mie-gacoan-genteng-f49fb30b-5b97-41b6-b66c-924da5d72fba/reviews,intinya tetep pas di kantong karyawan,5.0,Mie Setan LV 2,Ordered on 16 September 2021,1,Baik,,
1701446020-1987,https://gofood.co.id/en/surabaya/restaurant/mie-gacoan-genteng-f49fb30b-5b97-41b6-b66c-924da5d72fba/reviews,pas di kantong karyawan,5.0,Mie Iblis Lv 1 - Mie Setan LV 6,Ordered on 18 September 2021,1,Baik,,
1701446020-1988,https://gofood.co.id/en/surabaya/restaurant/mie-gacoan-genteng-f49fb30b-5b97-41b6-b66c-924da5d72fba/reviews,enak bgtt lah suka sama topingnya,5.0,Mie Setan LV 1,Ordered on 27 September 2021,1,Baik,,
1701446020-1989,https://gofood.co.id/en/surabaya/restaurant/mie-gacoan-genteng-f49fb30b-5b97-41b6-b66c-924da5d72fba/reviews,plastik caos bocor dan tumpah kemakanan lain,2.0,Mie Iblis Lv 2 - Udang Keju - Udang Rambutan,Ordered on 26 September 2021,0,Buruk,,
1701446020-1990,https://gofood.co.id/en/surabaya/restaurant/mie-gacoan-genteng-f49fb30b-5b97-41b6-b66c-924da5d72fba/reviews,cabenya kalau bisa jangan terlalu pedas kak meskipun lvl.1,4.0,Mie Iblis Lv 1,Ordered on 26 September 2021,0,Buruk,,
1701446020-1991,https://gofood.co.id/en/surabaya/restaurant/mie-gacoan-genteng-f49fb30b-5b97-41b6-b66c-924da5d72fba/reviews,"kerapihan saat pengemasan, tapi rasanya tetep enakk 👍👍",4.0,Mie Iblis Lv 1 - Udang Rambutan - Mie Iblis Lv 2,Ordered on 24 September 2021,1,Baik,,
1701446020-1992,https://gofood.co.id/en/surabaya/restaurant/mie-gacoan-genteng-f49fb30b-5b97-41b6-b66c-924da5d72fba/reviews,enak suka bgt cuma kebanyakan minyak mienya,4.0,Mie Setan LV 1 - Udang Keju - Lumpia Udang - Mie Iblis Lv 1,Ordered on 23 September 2021,0,Buruk,,
1701446020-1993,https://gofood.co.id/en/surabaya/restaurant/mie-gacoan-genteng-f49fb30b-5b97-41b6-b66c-924da5d72fba/reviews,saat di tlp jaringan sibuk,1.0,Mie Angel Super - Mie Iblis Lv 3 - Mie Setan LV 2,Ordered on 20 September 2021,0,Buruk,,
1701446020-1994,https://gofood.co.id/en/surabaya/restaurant/mie-gacoan-genteng-f49fb30b-5b97-41b6-b66c-924da5d72fba/reviews,terlalu banyak minyak,5.0,Mie Iblis Lv 3 - Mie Iblis Lv 1 - Mie Setan LV 3,Ordered on 22 September 2021,0,Buruk,,
1701446020-1995,https://gofood.co.id/en/surabaya/restaurant/mie-gacoan-genteng-f49fb30b-5b97-41b6-b66c-924da5d72fba/reviews,Lama bgt nunggu sejam,2.0,Siomay Ayam - Lumpia Udang,Ordered on 22 September 2021,0,Buruk,,
1701446020-1996,https://gofood.co.id/en/surabaya/restaurant/mie-gacoan-genteng-f49fb30b-5b97-41b6-b66c-924da5d72fba/reviews,"mantep bgt, udang kejunya🍳",5.0,Siomay Ayam - Mie Iblis Lv 1 - Udang Keju,Ordered on 22 September 2021,1,Baik,,
1701446020-1997,https://gofood.co.id/en/surabaya/restaurant/mie-gacoan-genteng-f49fb30b-5b97-41b6-b66c-924da5d72fba/reviews,Saya pesan mie angel tidak pedas buat anak kecil yg datang malah mie angel super pedas,1.0,Mie Angel Super - Mie Setan LV 2 - Mie Iblis Lv 2,Ordered on 21 September 2021,0,Buruk,,
1701446020-1998,https://gofood.co.id/en/surabaya/restaurant/mie-gacoan-genteng-f49fb30b-5b97-41b6-b66c-924da5d72fba/reviews,semangat untuk semuanya,5.0,Mie Iblis Lv 0,Ordered on 21 September 2021,5,Buruk,,
1701446020-1999,https://gofood.co.id/en/surabaya/restaurant/mie-gacoan-genteng-f49fb30b-5b97-41b6-b66c-924da5d72fba/reviews,ditingkatkan lagi kemasan nya,3.0,Udang Rambutan - Mie Iblis Lv 8,Ordered on 20 September 2021,0,Buruk,,
1701446020-2000,https://gofood.co.id/en/surabaya/restaurant/mie-gacoan-genteng-f49fb30b-5b97-41b6-b66c-924da5d72fba/reviews,lebih mantap mie yang kenyal seperti mie Kober 🙏👍,4.0,Mie Iblis Lv 1,Ordered on 18 September 2021,0,Buruk,,
1701446020-2001,https://gofood.co.id/en/surabaya/restaurant/mie-gacoan-genteng-f49fb30b-5b97-41b6-b66c-924da5d72fba/reviews,mi ny terlalu gumpal,3.0,Mie Iblis Lv 8 - Mie Setan LV 8,Ordered on 19 September 2021,0,Buruk,,
1701446020-2002,https://gofood.co.id/en/surabaya/restaurant/mie-gacoan-genteng-f49fb30b-5b97-41b6-b66c-924da5d72fba/reviews,"bagus, tingkatkan lagi kualitas pelayanannya",5.0,Mie Iblis Lv 3 - Udang Keju,Ordered on 19 September 2021,1,Baik,,
1701446020-2003,https://gofood.co.id/en/surabaya/restaurant/mie-gacoan-genteng-f49fb30b-5b97-41b6-b66c-924da5d72fba/reviews,"bapak gojek nya alhamdulillah , ramah banget 👍",5.0,Mie Iblis Lv 4 - Udang Keju - Es Coklat,Ordered on 19 September 2021,5,Buruk,,
1701446020-2004,https://gofood.co.id/en/surabaya/restaurant/mie-gacoan-genteng-f49fb30b-5b97-41b6-b66c-924da5d72fba/reviews,terlalu lama TDK bisa mengatasi antrian yg terlalu panjang,1.0,Mie Iblis Lv 1 - Siomay Ayam - Orange - Ceker Ayam,Ordered on 19 September 2021,0,Buruk,,
1701446020-2005,https://gofood.co.id/en/surabaya/restaurant/mie-gacoan-genteng-f49fb30b-5b97-41b6-b66c-924da5d72fba/reviews,terima kasih banyak ya,5.0,Mie Iblis Lv 1 - Mie Setan LV 6 - Udang Rambutan - Es Genderuwo - Es Coklat,Ordered on 19 September 2021,1,Baik,,
1701446020-2006,https://gofood.co.id/en/surabaya/restaurant/mie-gacoan-genteng-f49fb30b-5b97-41b6-b66c-924da5d72fba/reviews,Aduh tumben banget ya salah kasih orderan maunya udang keju di kasi lumpia udang klo emang habis atau kosong konfirmasi dong jgn se enaknya kasih sesuka kalian 🥵,4.0,Mie Iblis Lv 3 - Mie Iblis Lv 4 - Udang Keju - Udang Rambutan,Ordered on 18 September 2021,0,Buruk,,
1701446020-2007,https://gofood.co.id/en/surabaya/restaurant/mie-gacoan-genteng-f49fb30b-5b97-41b6-b66c-924da5d72fba/reviews,pertahankan rasanya...kemarin mie iblisnya ke enekan kebanyakan kecap,5.0,Mie Setan LV 2 - Thai Tea Ori,Ordered on 18 September 2021,1,Baik,,
1701446020-2008,https://gofood.co.id/en/surabaya/restaurant/mie-gacoan-genteng-f49fb30b-5b97-41b6-b66c-924da5d72fba/reviews,mantappppppppppp,5.0,Mie Iblis Lv 3 - Udang Keju,Ordered on 18 September 2021,1,Baik,,
1701446020-2009,https://gofood.co.id/en/surabaya/restaurant/mie-gacoan-genteng-f49fb30b-5b97-41b6-b66c-924da5d72fba/reviews,kadang enak kadang ga🥲,3.0,Mie Iblis Lv 0 - Mie Iblis Lv 1 - Udang Rambutan,Ordered on 18 September 2021,0,Buruk,,
1701446020-2010,https://gofood.co.id/en/surabaya/restaurant/mie-gacoan-genteng-f49fb30b-5b97-41b6-b66c-924da5d72fba/reviews,enak sih tapi terlalu berminyak sampe netes2,4.0,Mie Iblis Lv 1 - Siomay Ayam - Udang Keju,Ordered on 18 September 2021,0,Buruk,,
1701446020-2011,https://gofood.co.id/en/surabaya/restaurant/mie-gacoan-genteng-f49fb30b-5b97-41b6-b66c-924da5d72fba/reviews,enak kalo bisa packing nya lebih bagus lagi . semangat ya,5.0,Mie Angel Super,Ordered on 17 September 2021,0,Buruk,,
1701446020-2012,https://gofood.co.id/en/surabaya/restaurant/mie-gacoan-genteng-f49fb30b-5b97-41b6-b66c-924da5d72fba/reviews,mantappppppppppp,5.0,Mie Iblis Lv 1 - Udang Keju,Ordered on 17 September 2021,1,Baik,,
1701446020-2013,https://gofood.co.id/en/surabaya/restaurant/mie-gacoan-genteng-f49fb30b-5b97-41b6-b66c-924da5d72fba/reviews,mantapp sekali rasanyaa,5.0,Mie Iblis Lv 3 - Udang Keju,Ordered on 16 September 2021,1,Baik,,
1701446020-2014,https://gofood.co.id/en/surabaya/restaurant/mie-gacoan-genteng-f49fb30b-5b97-41b6-b66c-924da5d72fba/reviews,"agak manis mienya , tapi enak ko",4.0,Mie Iblis Lv 4,Ordered on 16 September 2021,1,Baik,,
1701446020-2015,https://gofood.co.id/en/surabaya/restaurant/mie-gacoan-genteng-f49fb30b-5b97-41b6-b66c-924da5d72fba/reviews,rasa oklah. packingnya perlu diperhatikan buat keamanan dimasa pandemik gini.,4.0,Udang Rambutan - Udang Keju - Mie Iblis Lv 3,Ordered on 8 September 2021,0,Buruk,,
1701446020-2016,https://gofood.co.id/en/surabaya/restaurant/mie-gacoan-genteng-f49fb30b-5b97-41b6-b66c-924da5d72fba/reviews,"rasa ok. tapi alangkah baiknya, disegel ya......",4.0,Udang Rambutan - Udang Keju - Siomay Ayam - Mie Iblis Lv 1,Ordered on 9 September 2021,0,Buruk,,
1701446020-2017,https://gofood.co.id/en/surabaya/restaurant/mie-gacoan-genteng-f49fb30b-5b97-41b6-b66c-924da5d72fba/reviews,"rasa ok. tqpi kalo boleh restonya mikirin kebersihan saat order, dengan pake cable tie. lebih siiip.",4.0,Mie Iblis Lv 3 - Udang Rambutan - Lumpia Udang - Udang Keju,Ordered on 25 August 2021,0,Buruk,,
1701446020-2018,https://gofood.co.id/en/surabaya/restaurant/mie-gacoan-genteng-f49fb30b-5b97-41b6-b66c-924da5d72fba/reviews,"rasa ok, tapi kemasannya gak pake cable tie, buat pengaman dimasa pandemik gini.",4.0,Udang Keju - Udang Rambutan - Mie Iblis Lv 3,Ordered on 27 August 2021,0,Buruk,,
1701446020-2019,https://gofood.co.id/en/surabaya/restaurant/mie-gacoan-genteng-f49fb30b-5b97-41b6-b66c-924da5d72fba/reviews,terima kasih masih ada potongannya,5.0,Udang Keju - Mie Iblis Lv 2 - Lumpia Udang - Es Genderuwo - Mie Iblis Lv 1 - Mie Iblis Lv 0,Ordered on 15 September 2021,1,Baik,,
1701446020-2020,https://gofood.co.id/en/surabaya/restaurant/mie-gacoan-genteng-f49fb30b-5b97-41b6-b66c-924da5d72fba/reviews,"klau mo kemas itu sesuaikan ama lv yg dipesan costumer, udh pesan lv tinggi tapi sering dapet gk ada cabenya....!! tolong buat restonya pertegas karyawannya jangan asal"" kemas",1.0,Mie Iblis Lv 6,Ordered on 3 September 2021,0,Buruk,,
1701446020-2021,https://gofood.co.id/en/surabaya/restaurant/mie-gacoan-genteng-f49fb30b-5b97-41b6-b66c-924da5d72fba/reviews,"kecewa bnget. sering qw order lv 4 tapi sering gk ada cabenya,, apalagi yg order lv 2-3 mungkin dikasih original.tolong dong pekerjanya,, kalian tau lv apa gk sih?! bikin gue geram,, yg bener dong klau kemas makanan itu sesuaikan ama lv yg diminta costumer. bikin orng gk nafsu mo makan... sering bnget kejadian gini.buat pihak resto.. tolong pertegas karyawannya dn kasih tau lv tiap masakan itu gimana.,, baru kali ini gue geram bnget yg nulis.",1.0,Mie Iblis Lv 4,Ordered on 15 September 2021,0,Buruk,,
1701446020-2022,https://gofood.co.id/en/surabaya/restaurant/mie-gacoan-genteng-f49fb30b-5b97-41b6-b66c-924da5d72fba/reviews,"Pesanan tidak sesuai, pesen level 1 tapi dapetnya level 2",2.0,Udang Rambutan - Mie Iblis Lv 1,Ordered on 15 September 2021,0,Buruk,,
1701446020-2023,https://gofood.co.id/en/surabaya/restaurant/mie-gacoan-genteng-f49fb30b-5b97-41b6-b66c-924da5d72fba/reviews,terima kasih mienya enak mantul,5.0,Mie Iblis Lv 3 - Udang Rambutan - Lumpia Udang - Mie Iblis Lv 1,Ordered on 13 September 2021,1,Baik,,
1701446020-2024,https://gofood.co.id/en/surabaya/restaurant/mie-gacoan-genteng-f49fb30b-5b97-41b6-b66c-924da5d72fba/reviews,Tapi lama antrinya,5.0,Mie Setan LV 3 - Mie Iblis Lv 1,Ordered on 14 September 2021,0,Buruk,,
1701446020-2025,https://gofood.co.id/en/surabaya/restaurant/mie-gacoan-genteng-f49fb30b-5b97-41b6-b66c-924da5d72fba/reviews,enak rasanya cucok meong pedesnya nampol abiiis pas di buat makan sambil nyinyir...,5.0,Mie Angel Super - Mie Iblis Lv 3 - Udang Rambutan,Ordered on 10 September 2021,1,Baik,,
1701446020-2026,https://gofood.co.id/en/surabaya/restaurant/mie-gacoan-genteng-f49fb30b-5b97-41b6-b66c-924da5d72fba/reviews,makin hari udang rambutannya gak enakk bikin enekk malah semakin kecil bentuknya😥,2.0,Mie Iblis Lv 1 - Udang Rambutan,Ordered on 14 September 2021,0,Buruk,,
1701446020-2027,https://gofood.co.id/en/surabaya/restaurant/mie-gacoan-genteng-f49fb30b-5b97-41b6-b66c-924da5d72fba/reviews,porsinya kurang,3.0,Mie Iblis Lv 4 - Mie Angel Super,Ordered on 13 September 2021,0,Buruk,,
1701446020-2028,https://gofood.co.id/en/surabaya/restaurant/mie-gacoan-genteng-f49fb30b-5b97-41b6-b66c-924da5d72fba/reviews,pesanan tidak lengkap,3.0,Siomay Ayam - Mie Iblis Lv 6,Ordered on 13 September 2021,0,Buruk,,
1701446020-2029,https://gofood.co.id/en/surabaya/restaurant/mie-gacoan-genteng-f49fb30b-5b97-41b6-b66c-924da5d72fba/reviews,yg level 4 kurang pedes..mungkin hrus level 6 ya supaya pedes,4.0,Mie Setan LV 4 - Mie Iblis Lv 3 - Mie Iblis Lv 1 - Es Tuyul,Ordered on 13 September 2021,1,Baik,,
1701446020-2030,https://gofood.co.id/en/surabaya/restaurant/mie-gacoan-genteng-f49fb30b-5b97-41b6-b66c-924da5d72fba/reviews,"lama banget pokonya , sampek gak jadi laper tapi mienya muantull enak banget apa lagi udang rambutanyaa makyuzzt",5.0,Udang Rambutan - Mie Iblis Lv 1,Ordered on 11 September 2021,1,Baik,,
1701446020-2031,https://gofood.co.id/en/surabaya/restaurant/mie-gacoan-genteng-f49fb30b-5b97-41b6-b66c-924da5d72fba/reviews,enak banget tp sayang porsinya kurang,5.0,Mie Iblis Lv 3 - Mie Iblis Lv 2,Ordered on 12 September 2021,0,Buruk,,
1701446020-2032,https://gofood.co.id/en/surabaya/restaurant/mie-gacoan-genteng-f49fb30b-5b97-41b6-b66c-924da5d72fba/reviews,Mienya nyampek rumah keras,4.0,Mie Iblis Lv 1 - Udang Rambutan - Siomay Ayam,Ordered on 6 September 2021,0,Buruk,,
1701446020-2033,https://gofood.co.id/en/surabaya/restaurant/mie-gacoan-genteng-f49fb30b-5b97-41b6-b66c-924da5d72fba/reviews,salam buat kasir nya (Fara),5.0,Mie Iblis Lv 0 - Mie Iblis Lv 1,Ordered on 11 September 2021,5,Buruk,,
1701446020-2034,https://gofood.co.id/en/surabaya/restaurant/mie-gacoan-genteng-f49fb30b-5b97-41b6-b66c-924da5d72fba/reviews,makasih pedes mantul,5.0,Mie Iblis Lv 8,Ordered on 9 September 2021,1,Baik,,
1701446020-2035,https://gofood.co.id/en/surabaya/restaurant/mie-gacoan-genteng-f49fb30b-5b97-41b6-b66c-924da5d72fba/reviews,"tadi gak ad hamnya,tpi gpp rasanya ttp enak.",5.0,Mie Iblis Lv 2 - Mie Iblis Lv 1 - Mie Iblis Lv 8 - Lumpia Udang - Udang Rambutan - Siomay Ayam,Ordered on 9 September 2021,1,Baik,,
1701446020-2036,https://gofood.co.id/en/surabaya/restaurant/mie-gacoan-genteng-f49fb30b-5b97-41b6-b66c-924da5d72fba/reviews,rasanya gak sesuai di lidah aku. isinya sekarang pangsit goreng & ayam suwir² gitu aja kah?  huhu padahal bisa improve dikasi sayur juga.,4.0,Mie Iblis Lv 2 - Lumpia Udang,Ordered on 8 September 2021,0,Buruk,,
1701446020-2037,https://gofood.co.id/en/surabaya/restaurant/mie-gacoan-genteng-f49fb30b-5b97-41b6-b66c-924da5d72fba/reviews,yg salah tukang gojekNya apa yg jualan jelas2 saya pesan 2 yg datang satu🤬,1.0,Siomay Ayam - Mie Setan LV 4,Ordered on 9 September 2021,0,Buruk,,
1701446020-2038,https://gofood.co.id/en/surabaya/restaurant/mie-gacoan-genteng-f49fb30b-5b97-41b6-b66c-924da5d72fba/reviews,rasanya enakan dlu,4.0,Udang Rambutan - Mie Iblis Lv 2,Ordered on 8 September 2021,0,Buruk,,
1701446020-2039,https://gofood.co.id/en/surabaya/restaurant/mie-gacoan-genteng-f49fb30b-5b97-41b6-b66c-924da5d72fba/reviews,"lumpia udang gosong...bumbu di mie tdk merata..mie kurang matang...gelas bocor,es tumpah sampai ke tas plastiknya....Sangat beda dgn Mie Gacoan di Jogja yg kemasan dan rasanya istimewa.,",1.0,Mie Angel Super - Es Genderuwo - Lumpia Udang - Mie Setan LV 1 - Thai Green Tea,Ordered on 4 September 2021,0,Buruk,,
1701446020-2040,https://gofood.co.id/en/surabaya/restaurant/mie-gacoan-genteng-f49fb30b-5b97-41b6-b66c-924da5d72fba/reviews,"uñtuk kali ini benar, kemaren pesanan keliru",5.0,Mie Iblis Lv 2 - Udang Rambutan - Udang Keju,Ordered on 8 September 2021,1,Baik,,
1701446020-2041,https://gofood.co.id/en/surabaya/restaurant/mie-gacoan-genteng-f49fb30b-5b97-41b6-b66c-924da5d72fba/reviews,di tempat mie nya ditulis level berapa,5.0,Udang Rambutan - Mie Iblis Lv 0 - Mie Iblis Lv 1 - Mie Iblis Lv 2 - Ice Tea,Ordered on 8 September 2021,5,Buruk,,
1701446020-2042,https://gofood.co.id/en/surabaya/restaurant/mie-gacoan-genteng-f49fb30b-5b97-41b6-b66c-924da5d72fba/reviews,"enak, murah, cepat... pokoknya recomended...",5.0,Mie Iblis Lv 0 - Udang Rambutan,Ordered on 8 September 2021,1,Baik,,
1701446020-2043,https://gofood.co.id/en/surabaya/restaurant/mie-gacoan-genteng-f49fb30b-5b97-41b6-b66c-924da5d72fba/reviews,"mantep, pantesan mie nya viral❤️porsi & rasa ga main main",5.0,Udang Rambutan - Udang Keju - Mie Iblis Lv 1,Ordered on 1 September 2021,1,Baik,,
1701446020-2044,https://gofood.co.id/en/surabaya/restaurant/mie-gacoan-genteng-f49fb30b-5b97-41b6-b66c-924da5d72fba/reviews,nunggunya samgat-sangat lama,1.0,Mie Iblis Lv 6 - Mie Iblis Lv 0 - Mie Iblis Lv 2,Ordered on 4 September 2021,0,Buruk,,
1701446020-2045,https://gofood.co.id/en/surabaya/restaurant/mie-gacoan-genteng-f49fb30b-5b97-41b6-b66c-924da5d72fba/reviews,"pesennya apa dikirimnya apa, dua kali kek gini",2.0,Mie Iblis Lv 1 - Udang Rambutan - Siomay Ayam,Ordered on 4 September 2021,0,Buruk,,
1701446020-2046,https://gofood.co.id/en/surabaya/restaurant/mie-gacoan-genteng-f49fb30b-5b97-41b6-b66c-924da5d72fba/reviews,klo di kasih acar lebih mantap min 😁,4.0,Lumpia Udang - Mie Iblis Lv 6,Ordered on 3 September 2021,0,Buruk,,
1701446020-2047,https://gofood.co.id/en/surabaya/restaurant/mie-gacoan-genteng-f49fb30b-5b97-41b6-b66c-924da5d72fba/reviews,"Terima kasih , sdah d antar pesanan saya ke rumah dengan aman",5.0,Mie Iblis Lv 0 - Mie Iblis Lv 1 - Lumpia Udang - Udang Keju - Siomay Ayam - Es Coklat,Ordered on 4 September 2021,1,Baik,,
1701446020-2048,https://gofood.co.id/en/surabaya/restaurant/mie-gacoan-genteng-f49fb30b-5b97-41b6-b66c-924da5d72fba/reviews,"entah siapa namanya, yang jelas saya suka dengan wanita ini yang bikin durian keju ato udang rambutan di gacoan ambengan😍😍😍",5.0,Mie Iblis Lv 2 - Udang Keju - Udang Rambutan - Teh Tarik,Ordered on 3 September 2021,5,Buruk,,
1701446020-2049,https://gofood.co.id/en/surabaya/restaurant/mie-gacoan-genteng-f49fb30b-5b97-41b6-b66c-924da5d72fba/reviews,tadi sudah dikasih catatan tambah saos malah dikasih 1 hmmmm,5.0,Mie Iblis Lv 1 - Udang Rambutan,Ordered on 2 September 2021,0,Buruk,,
1701446020-2050,https://gofood.co.id/en/surabaya/restaurant/mie-gacoan-genteng-f49fb30b-5b97-41b6-b66c-924da5d72fba/reviews,"kok tumben salah orderan. mintanya siomay, udang keju, udang rambutan dan lumpia. tapi yang dikirim malah udang keju semua.",5.0,Udang Keju - Lumpia Udang - Mie Iblis Lv 8 - Udang Rambutan - Siomay Ayam,Ordered on 30 August 2021,0,Buruk,,
1701446020-2051,https://gofood.co.id/en/surabaya/restaurant/mie-gacoan-genteng-f49fb30b-5b97-41b6-b66c-924da5d72fba/reviews,"Pilihan ketika bingung mau makan apa, gacoan emang best",5.0,Mie Iblis Lv 3 - Mie Iblis Lv 1 - Lumpia Udang - Udang Keju - Siomay Ayam,Ordered on 17 July 2021,1,Baik,,
1701446020-2052,https://gofood.co.id/en/surabaya/restaurant/mie-gacoan-genteng-f49fb30b-5b97-41b6-b66c-924da5d72fba/reviews,"sudah dibilang tanpa cabai, mie level 0 kok ternyata ttp pedas..akhirnya ga bisa dimakan oleh anak..seharuanya klo ga sanggup lvl 0 jgn diadakan, akhirmya kecewa berat..beda sama mie satunya yg lebih awal ada, klo 0 uh 0 gad pedes2nya sma sekali",1.0,Udang Rambutan - Mie Iblis Lv 3 - Mie Iblis Lv 0 - Mie Iblis Lv 2 - Siomay Ayam - Mie Iblis Lv 6 - Ceker Ayam,Ordered on 30 August 2021,0,Buruk,,
1701446020-2053,https://gofood.co.id/en/surabaya/restaurant/mie-gacoan-genteng-f49fb30b-5b97-41b6-b66c-924da5d72fba/reviews,minta tolong lebih diteliti lagi untuk kemasan minumannya. penutupnya belum lengket.. jadinya tumpah ke kreseknya. untung cuma dikit tumpahnya. semoga bisa menjadi masukan untuk meningkatkan keamanan kemasannya ya..,4.0,Thai Tea Ori - Thai Green Tea - Siomay Ayam,Ordered on 30 August 2021,0,Buruk,,
1701446020-2054,https://gofood.co.id/en/surabaya/restaurant/mie-gacoan-genteng-f49fb30b-5b97-41b6-b66c-924da5d72fba/reviews,kurang pedes kek ga ada pedes sama sekali,1.0,Mie Iblis Lv 8 - Udang Keju - Udang Rambutan,Ordered on 29 August 2021,0,Buruk,,
1701446020-2055,https://gofood.co.id/en/surabaya/restaurant/mie-gacoan-genteng-f49fb30b-5b97-41b6-b66c-924da5d72fba/reviews,Kemasan tidak aman. Bumbu mie tumpah di plastik dan mengotori smua yg di dalam plastik,3.0,Udang Keju - Mie Iblis Lv 1 - Teh Tarik - Air Mineral,Ordered on 13 August 2021,0,Buruk,,
1701446020-2056,https://gofood.co.id/en/surabaya/restaurant/mie-gacoan-genteng-f49fb30b-5b97-41b6-b66c-924da5d72fba/reviews,"Makanannya murahhhhh tpi enak bgt asli g peres , mie pedes tapi masih berapa asin nya maksutnya tuh ga pedes doang gtu",5.0,Udang Keju - Mie Setan LV 4 - Siomay Ayam,Ordered on 19 August 2021,1,Baik,,
1701446020-2057,https://gofood.co.id/en/surabaya/restaurant/mie-gacoan-genteng-f49fb30b-5b97-41b6-b66c-924da5d72fba/reviews,pedes banget suka banget tambahkan daun bawang dan bawang goreng yang banyak tambah nikmat sekali rasanya selalu pisahkan pesanan Go-Jek dan makan di tempat cara bayar nya supaya tidak antri lama lagi menunggu giliran bayar dan proses jadi sampai ke penerima makanan selalu jaga kualitas dan harga yang terjangkau murah dan bersih dan cepat dalam pembayaran dan sajian nya terima kasih sukses selalu,5.0,Mie Iblis Lv 4,Ordered on 11 August 2021,1,Baik,,
1701446020-2058,https://gofood.co.id/en/surabaya/restaurant/mie-gacoan-genteng-f49fb30b-5b97-41b6-b66c-924da5d72fba/reviews,"sarangheo chef, nomu nomu sarangheo",5.0,Mie Setan LV 1 - Pangsit Goreng,Ordered on 25 August 2021,1,Baik,,
1701446020-2059,https://gofood.co.id/en/surabaya/restaurant/mie-gacoan-genteng-f49fb30b-5b97-41b6-b66c-924da5d72fba/reviews,"Pesennya apa, yg dateng apa",3.0,Mie Iblis Lv 1 - Mie Setan LV 1 - Lumpia Udang,Ordered on 23 August 2021,0,Buruk,,
1701446020-2060,https://gofood.co.id/en/surabaya/restaurant/mie-gacoan-genteng-f49fb30b-5b97-41b6-b66c-924da5d72fba/reviews,enak banget pangsit ayamnyaa,5.0,Mie Iblis Lv 1,Ordered on 5 August 2021,1,Baik,,
1701446020-2061,https://gofood.co.id/en/surabaya/restaurant/mie-gacoan-genteng-f49fb30b-5b97-41b6-b66c-924da5d72fba/reviews,enak bangettt trs sama pangsit ayamnyaa,5.0,Mie Iblis Lv 1 - Lemon Tea,Ordered on 17 August 2021,1,Baik,,
1701446020-2062,https://gofood.co.id/en/surabaya/restaurant/mie-gacoan-genteng-f49fb30b-5b97-41b6-b66c-924da5d72fba/reviews,joss  mantap banget,5.0,Udang Keju - Mie Setan LV 1 - Siomay Ayam - Udang Rambutan - Mie Setan LV 3 - Mie Iblis Lv 6,Ordered on 24 August 2021,1,Baik,,
1701446020-2063,https://gofood.co.id/en/surabaya/restaurant/mie-gacoan-genteng-f49fb30b-5b97-41b6-b66c-924da5d72fba/reviews,Mienya terlalu banyak minyaknyaa ketelitian resto saat memberi sumpit mie jugaaa kuranggg🥺,3.0,Mie Iblis Lv 3 - Lumpia Udang - Udang Keju - Mie Iblis Lv 1,Ordered on 23 August 2021,0,Buruk,,
1701446020-2064,https://gofood.co.id/en/surabaya/restaurant/mie-gacoan-genteng-f49fb30b-5b97-41b6-b66c-924da5d72fba/reviews,"pesen level 1 serasa pesen lvl 3 , udah gt sangat kecewa , saya pesan dr jam 11.30 baru sampai rumah jam 14.00 luama banget, iy kl ga ada keperluan , ad keperluan, kecewa bener👍🏻.",1.0,Mie Iblis Lv 1 - Udang Rambutan - Ice Tea,Ordered on 22 August 2021,0,Buruk,,
1701446020-2065,https://gofood.co.id/en/surabaya/restaurant/mie-gacoan-genteng-f49fb30b-5b97-41b6-b66c-924da5d72fba/reviews,selalu enakk sudah langganan disini,5.0,Mie Iblis Lv 3 - Mie Iblis Lv 1 - Udang Rambutan - Udang Keju,Ordered on 21 August 2021,1,Baik,,
1701446020-2066,https://gofood.co.id/en/surabaya/restaurant/mie-gacoan-genteng-f49fb30b-5b97-41b6-b66c-924da5d72fba/reviews,"Mie gacoan ini enak banget, rasanya mantap, porsinya banyak dan kenyang, gorengannya favorit banget awwww suka pol. tapi pedesnya kadang ga konsisten:( but tetep jadi mie pedes yg favorit 🤗",5.0,Mie Iblis Lv 2,Ordered on 21 August 2021,1,Baik,,
1701446020-2067,https://gofood.co.id/en/surabaya/restaurant/mie-gacoan-genteng-f49fb30b-5b97-41b6-b66c-924da5d72fba/reviews,"aku ketemu kulit telor, di pangsitnya, smg lain kali lebih safety yaa😓😓",5.0,Mie Iblis Lv 2 - Siomay Ayam - Mie Iblis Lv 0 - Udang Rambutan - Thai Green Tea,Ordered on 20 August 2021,0,Buruk,,
1701446020-2068,https://gofood.co.id/en/surabaya/restaurant/mie-gacoan-genteng-f49fb30b-5b97-41b6-b66c-924da5d72fba/reviews,prosesnya lama sekali,3.0,Mie Iblis Lv 3,Ordered on 20 August 2021,0,Buruk,,
1701446020-2069,https://gofood.co.id/en/surabaya/restaurant/mie-gacoan-genteng-f49fb30b-5b97-41b6-b66c-924da5d72fba/reviews,pesen level 1 berasa level paling tinggi.udh gitu lamaaaaaaaaa banget,1.0,Mie Iblis Lv 1,Ordered on 20 August 2021,0,Buruk,,
1701446020-2070,https://gofood.co.id/en/surabaya/restaurant/mie-gacoan-genteng-f49fb30b-5b97-41b6-b66c-924da5d72fba/reviews,"makanannya menyajikan berbagai hidangan mie pedas dan udang,rasanya enak dan harga sangat terjangkau,tetapi utk pelayanan nya oerlu ditingkatkan biar tidak terlalu lama antri.",5.0,Udang Rambutan - Mie Setan LV 4 - Siomay Ayam,Ordered on 19 August 2021,1,Baik,,
1701446020-2071,https://gofood.co.id/en/surabaya/restaurant/mie-gacoan-genteng-f49fb30b-5b97-41b6-b66c-924da5d72fba/reviews,Pesennya level 1 tapi yang datang cabenya kayak level 4! gak konsisten maaf,1.0,Mie Angel Super - Mie Iblis Lv 1 - Udang Rambutan,Ordered on 20 August 2021,0,Buruk,,
1701446020-2072,https://gofood.co.id/en/surabaya/restaurant/mie-gacoan-genteng-f49fb30b-5b97-41b6-b66c-924da5d72fba/reviews,cepat enaaKkkkkk,5.0,Udang Keju - Mie Iblis Lv 1 - Lumpia Udang - Es Sundel Bolong,Ordered on 19 August 2021,1,Baik,,
1701446020-2073,https://gofood.co.id/en/surabaya/restaurant/mie-gacoan-genteng-f49fb30b-5b97-41b6-b66c-924da5d72fba/reviews,udang kejunya mantap banget . wajib cobaa,5.0,Mie Iblis Lv 1 - Udang Keju - Mie Iblis Lv 2 - Mie Setan LV 6,Ordered on 19 August 2021,1,Baik,,
1701446020-2074,https://gofood.co.id/en/surabaya/restaurant/mie-gacoan-genteng-f49fb30b-5b97-41b6-b66c-924da5d72fba/reviews,makanannya enak mksh... rasa juga nikmat,5.0,Mie Iblis Lv 3 - Udang Rambutan - Mie Iblis Lv 1,Ordered on 19 August 2021,1,Baik,,
1701446020-2075,https://gofood.co.id/en/surabaya/restaurant/mie-gacoan-genteng-f49fb30b-5b97-41b6-b66c-924da5d72fba/reviews,Makin hari makin enak mie gacoan nya,5.0,Mie Iblis Lv 8 - Udang Rambutan - Lumpia Udang,Ordered on 1 August 2021,1,Baik,,
1701446020-2076,https://gofood.co.id/en/surabaya/restaurant/mie-gacoan-genteng-f49fb30b-5b97-41b6-b66c-924da5d72fba/reviews,rasanya ahhhh mantaaap... 🤗,5.0,Mie Iblis Lv 2 - Lumpia Udang - Vanilla Latte,Ordered on 18 August 2021,1,Baik,,
1701446020-2077,https://gofood.co.id/en/surabaya/restaurant/mie-gacoan-genteng-f49fb30b-5b97-41b6-b66c-924da5d72fba/reviews,"Mie terdabest sih yang suka makanan pedess wajib banget buat cobain mie gacoan, selain mienya juga dimsum dan gorengannya enak-enak. Murah tapi rasanya bukan kaleng-kaleng",5.0,Mie Iblis Lv 1 - Udang Rambutan - Udang Keju - Mie Iblis Lv 3,Ordered on 9 August 2021,1,Baik,,
1701446020-2078,https://gofood.co.id/en/surabaya/restaurant/mie-gacoan-genteng-f49fb30b-5b97-41b6-b66c-924da5d72fba/reviews,"mienya masih ada yang menggumpal, lumayan banyak. mienya jd tidak berasa. entah karena kurang lama direbusnya atau gimana. siomaynya dingin, kaya tidak dihangatkan lagi, padahal udang kejunya panas, enak. saya juga pernah dine in di resto ini langsung dapat bumbu yang sudah basi. saya jd tidak makan sama sekali. coba ditingkatkan lagi quality control nya, teman saya saat itu terpaksa menghabiskan mienya yg bumbunya sudah basi. sebenarnya enak, semoga quality controlnya ditingkatkan lagi.",3.0,Mie Setan LV 8 - Udang Keju - Siomay Ayam - Ceker Ayam,Ordered on 17 August 2021,0,Buruk,,
1701446020-2079,https://gofood.co.id/en/surabaya/restaurant/mie-gacoan-genteng-f49fb30b-5b97-41b6-b66c-924da5d72fba/reviews,favorit banget 🥰,5.0,Mie Setan LV 4,Ordered on 17 August 2021,1,Baik,,
1701446020-2080,https://gofood.co.id/en/surabaya/restaurant/mie-gacoan-genteng-f49fb30b-5b97-41b6-b66c-924da5d72fba/reviews,"enak, pedasnya pas, mantap lah intinya... rekomended banget",5.0,Mie Iblis Lv 3 - Mie Iblis Lv 1,Ordered on 17 August 2021,1,Baik,,
1701446020-2081,https://gofood.co.id/en/surabaya/restaurant/mie-gacoan-genteng-f49fb30b-5b97-41b6-b66c-924da5d72fba/reviews,"Sering bgt order gacoan dan ga pernah bosen, selalu bikin nagih apalagi kalo gofood ngadain promo makin ++++++",5.0,Udang Keju - Mie Angel Super - Siomay Ayam - Lumpia Udang - Mie Setan LV 2 - Mie Iblis Lv 2,Ordered on 17 August 2021,1,Baik,,
1701446020-2082,https://gofood.co.id/en/surabaya/restaurant/mie-gacoan-genteng-f49fb30b-5b97-41b6-b66c-924da5d72fba/reviews,Tolong untuk minyaknya dikurangi ya karna 3kali order selaku kelebihan minyak berlebihan untuk selebihnya okee,5.0,Mie Setan LV 1 - Mie Angel Super - Pangsit Goreng - Udang Rambutan - Mie Iblis Lv 3,Ordered on 17 August 2021,0,Buruk,,
1701446020-2083,https://gofood.co.id/en/surabaya/restaurant/mie-gacoan-genteng-f49fb30b-5b97-41b6-b66c-924da5d72fba/reviews,rasanya uwenakk pedes nampoll. porsinya bnyakk.. sampe ketagihan dehh😍😍,5.0,Mie Iblis Lv 3 - Mie Iblis Lv 4 - Udang Rambutan - Mie Setan LV 6,Ordered on 15 August 2021,1,Baik,,
1701446020-2084,https://gofood.co.id/en/surabaya/restaurant/mie-gacoan-genteng-f49fb30b-5b97-41b6-b66c-924da5d72fba/reviews,sangat enak vorsinya banyak beda dari yg lain mkox the best buat mie gacoan,5.0,Mie Iblis Lv 1 - Udang Rambutan,Ordered on 15 August 2021,1,Baik,,
1701446020-2085,https://gofood.co.id/en/surabaya/restaurant/mie-gacoan-genteng-f49fb30b-5b97-41b6-b66c-924da5d72fba/reviews,"enak banget, nampol sampai k usus besar😂😂😂",5.0,Udang Keju - Udang Rambutan - Mie Iblis Lv 2 - Teh Tarik,Ordered on 16 August 2021,1,Baik,,
1701446020-2086,https://gofood.co.id/en/surabaya/restaurant/mie-gacoan-genteng-f49fb30b-5b97-41b6-b66c-924da5d72fba/reviews,porsinya banyak. siomay gorengnya mantap 👍👍,5.0,Mie Angel Super - Udang Keju,Ordered on 16 August 2021,1,Baik,,
1701446020-2087,https://gofood.co.id/en/surabaya/restaurant/mie-gacoan-genteng-f49fb30b-5b97-41b6-b66c-924da5d72fba/reviews,enak banget huhu,5.0,Mie Iblis Lv 1 - Udang Rambutan,Ordered on 15 August 2021,1,Baik,,
1701446020-2088,https://gofood.co.id/en/surabaya/restaurant/mie-gacoan-genteng-f49fb30b-5b97-41b6-b66c-924da5d72fba/reviews,"enak, mi nya mantul, udang keju nya enak. saos nya juara.",4.0,Mie Setan LV 1 - Mie Setan LV 2 - Udang Keju,Ordered on 14 August 2021,1,Baik,,
1701446020-2089,https://gofood.co.id/en/surabaya/restaurant/mie-gacoan-genteng-f49fb30b-5b97-41b6-b66c-924da5d72fba/reviews,"Gacoan emg dabest sih, cm kekurangannya pelayanannya sgt lama karena orderannya yg selalu membludak tp termaafkan soalnya enak bgt😋😍",5.0,Mie Angel Super - Udang Keju - Es Genderuwo,Ordered on 13 August 2021,1,Baik,,
1701446020-2090,https://gofood.co.id/en/surabaya/restaurant/mie-gacoan-genteng-f49fb30b-5b97-41b6-b66c-924da5d72fba/reviews,Langganan terussss... Mksh,5.0,Mie Iblis Lv 8 - Mie Angel Super - Udang Rambutan,Ordered on 19 July 2021,1,Baik,,
1701446020-2091,https://gofood.co.id/en/surabaya/restaurant/mie-gacoan-genteng-f49fb30b-5b97-41b6-b66c-924da5d72fba/reviews,Loveeeeee... Mksh bnyak,5.0,Mie Iblis Lv 8 - Udang Rambutan - Ice Tea,Ordered on 21 July 2021,1,Baik,,
1701446020-2092,https://gofood.co.id/en/surabaya/restaurant/mie-gacoan-genteng-f49fb30b-5b97-41b6-b66c-924da5d72fba/reviews,"Masih ttp langganan, Tlg dipertahankan.",5.0,Mie Iblis Lv 8 - Mie Angel Super - Udang Rambutan - Es Tuyul,Ordered on 5 August 2021,1,Baik,,
1701446020-2093,https://gofood.co.id/en/surabaya/restaurant/mie-gacoan-genteng-f49fb30b-5b97-41b6-b66c-924da5d72fba/reviews,Mantullll... Memuaskan.. Mksh,5.0,Mie Iblis Lv 6,Ordered on 15 June 2021,1,Baik,,
1701446020-2094,https://gofood.co.id/en/surabaya/restaurant/mie-gacoan-genteng-f49fb30b-5b97-41b6-b66c-924da5d72fba/reviews,Mantap dah.. G pernah bosen... Semoga sll memuaskan... Mksh,5.0,Mie Iblis Lv 8 - Mie Angel Super - Mie Iblis Lv 1,Ordered on 13 August 2021,1,Baik,,
1701446020-2095,https://gofood.co.id/en/surabaya/restaurant/mie-gacoan-genteng-f49fb30b-5b97-41b6-b66c-924da5d72fba/reviews,"Makanannya enak-enak, sayang kemasannya styrofoam. Semoga bisa diganti dengan kemasan yang lebih baik.",5.0,Mie Iblis Lv 0 - Mie Iblis Lv 3,Ordered on 9 August 2021,1,Baik,,
1701446020-2096,https://gofood.co.id/en/surabaya/restaurant/mie-gacoan-genteng-f49fb30b-5b97-41b6-b66c-924da5d72fba/reviews,langganan banget,5.0,Mie Iblis Lv 3 - Mie Iblis Lv 1 - Mie Iblis Lv 2 - Udang Keju - Udang Rambutan,Ordered on 26 July 2021,1,Baik,,
1701446020-2097,https://gofood.co.id/en/surabaya/restaurant/mie-gacoan-genteng-f49fb30b-5b97-41b6-b66c-924da5d72fba/reviews,langganan banget 😍,5.0,Mie Iblis Lv 0 - Mie Iblis Lv 2 - Udang Keju - Mie Angel Super - Mie Iblis Lv 3,Ordered on 29 July 2021,1,Baik,,
1701446020-2098,https://gofood.co.id/en/surabaya/restaurant/mie-gacoan-genteng-f49fb30b-5b97-41b6-b66c-924da5d72fba/reviews,langganan banget😍,5.0,Mie Iblis Lv 3,Ordered on 10 August 2021,1,Baik,,
1701446020-2099,https://gofood.co.id/en/surabaya/restaurant/mie-gacoan-genteng-f49fb30b-5b97-41b6-b66c-924da5d72fba/reviews,"lumayan lah, level 1 ga pedes ternyata, udang rambutan nya kurang padat trus kurang rasa juga.. maaf ya tapi lumayan enak kok. cuma emang ekspektasi nya aku yg ketinggian. semoga ditingkatkan lagi ya soal rasanyaa. sukses selalu 👍",5.0,Mie Setan LV 1 - Udang Rambutan,Ordered on 9 August 2021,0,Buruk,,
1701446020-2100,https://gofood.co.id/en/surabaya/restaurant/mie-gacoan-genteng-f49fb30b-5b97-41b6-b66c-924da5d72fba/reviews,enak puas banget tapi lama,5.0,Mie Setan LV 2 - Thai Tea Ori - Es Coklat,Ordered on 10 August 2021,1,Baik,,
1701446020-2101,https://gofood.co.id/en/surabaya/restaurant/mie-gacoan-genteng-f49fb30b-5b97-41b6-b66c-924da5d72fba/reviews,"harga yang murah dan rasa yang istimewah sungguh tempatnya para pecinta pedas,tapi sayang untuk pesanan terkadang terlalu lama karna memang anyrinya yang lumayan banyak.",5.0,Mie Iblis Lv 4 - Udang Keju - Lumpia Udang,Ordered on 9 August 2021,1,Baik,,
1701446020-2102,https://gofood.co.id/en/surabaya/restaurant/mie-gacoan-genteng-f49fb30b-5b97-41b6-b66c-924da5d72fba/reviews,kurang anget + somaynya agak mau basih,1.0,Mie Setan LV 1 - Mie Iblis Lv 8 - Siomay Ayam - Pangsit Goreng,Ordered on 9 August 2021,0,Buruk,,
1701446020-2103,https://gofood.co.id/en/surabaya/restaurant/mie-gacoan-genteng-f49fb30b-5b97-41b6-b66c-924da5d72fba/reviews,Mie fav 💛💛 Dari rasa juga udah enak bgt dan porsi gapelit,5.0,Mie Iblis Lv 6 - Udang Rambutan - Lumpia Udang - Udang Keju - Es Sundel Bolong - Ice Tea,Ordered on 25 July 2021,1,Baik,,
1701446020-2104,https://gofood.co.id/en/surabaya/restaurant/mie-gacoan-genteng-f49fb30b-5b97-41b6-b66c-924da5d72fba/reviews,pesanan tidak sesuai,1.0,Mie Iblis Lv 1 - Mie Iblis Lv 0 - Mie Iblis Lv 3 - Mie Setan LV 1 - Mie Iblis Lv 4,Ordered on 6 August 2021,0,Buruk,,
1701446020-2105,https://gofood.co.id/en/surabaya/restaurant/mie-gacoan-genteng-f49fb30b-5b97-41b6-b66c-924da5d72fba/reviews,enak seperti biasa. terima kasih!,5.0,Udang Keju - Mie Iblis Lv 4 - Pangsit Goreng - Lumpia Udang,Ordered on 8 August 2021,1,Baik,,
1701446020-2106,https://gofood.co.id/en/surabaya/restaurant/mie-gacoan-genteng-f49fb30b-5b97-41b6-b66c-924da5d72fba/reviews,enak banget rasanya jos.,5.0,Mie Iblis Lv 1 - Udang Keju - Mie Angel Super,Ordered on 26 June 2021,1,Baik,,
1701446020-2107,https://gofood.co.id/en/surabaya/restaurant/mie-gacoan-genteng-f49fb30b-5b97-41b6-b66c-924da5d72fba/reviews,porsi ayamnya agak berkurang & Pangsit gorengnya Isinya makin dikit,4.0,Mie Iblis Lv 1 - Udang Keju - Udang Rambutan - Mie Iblis Lv 0 - Siomay Ayam - Pangsit Goreng - Mie Iblis Lv 2,Ordered on 7 August 2021,0,Buruk,,
1701446020-2108,https://gofood.co.id/en/surabaya/restaurant/mie-gacoan-genteng-f49fb30b-5b97-41b6-b66c-924da5d72fba/reviews,"kemasan tidak tersegel, plastik pembungkus dalam keadaan terbuka, jadi terkesan tidak bersih dan steril",4.0,Mie Angel Super - Mie Iblis Lv 1 - Udang Keju - Siomay Ayam - Lumpia Udang,Ordered on 8 August 2021,0,Buruk,,
1701446020-2109,https://gofood.co.id/en/surabaya/restaurant/mie-gacoan-genteng-f49fb30b-5b97-41b6-b66c-924da5d72fba/reviews,goooooooood 🤜🤛,5.0,Mie Iblis Lv 6 - Mie Iblis Lv 2 - Udang Keju - Siomay Ayam - Lumpia Udang - Mie Iblis Lv 1 - Mie Iblis Lv 3,Ordered on 6 August 2021,1,Baik,,
1701446020-2110,https://gofood.co.id/en/surabaya/restaurant/mie-gacoan-genteng-f49fb30b-5b97-41b6-b66c-924da5d72fba/reviews,pesanan tidak sesuai dengan struk pembelian,1.0,Udang Keju - Mie Iblis Lv 8 - Pangsit Goreng - Es Coklat - Mie Iblis Lv 1,Ordered on 7 August 2021,0,Buruk,,
1701446020-2111,https://gofood.co.id/en/surabaya/restaurant/mie-gacoan-genteng-f49fb30b-5b97-41b6-b66c-924da5d72fba/reviews,"enak sih... tapi berminyak banget... cumakarena  rasanya enak, mesti order lagi. hehehe",5.0,Mie Iblis Lv 1 - Udang Keju,Ordered on 6 August 2021,0,Buruk,,
1701446020-2112,https://gofood.co.id/en/surabaya/restaurant/mie-gacoan-genteng-f49fb30b-5b97-41b6-b66c-924da5d72fba/reviews,sayang deh sama chefnya!,5.0,Udang Rambutan - Mie Iblis Lv 2,Ordered on 7 August 2021,1,Baik,,
1701446020-2113,https://gofood.co.id/en/surabaya/restaurant/mie-gacoan-genteng-f49fb30b-5b97-41b6-b66c-924da5d72fba/reviews,rasanya enak harga sesuai lah porsinya juga lumayan,4.0,Mie Iblis Lv 4 - Udang Keju - Udang Rambutan - Lumpia Udang,Ordered on 24 June 2021,1,Baik,,
1701446020-2114,https://gofood.co.id/en/surabaya/restaurant/mie-gacoan-genteng-f49fb30b-5b97-41b6-b66c-924da5d72fba/reviews,terlalu banyak minyak,4.0,Mie Iblis Lv 2,Ordered on 6 August 2021,0,Buruk,,
1701446020-2115,https://gofood.co.id/en/surabaya/restaurant/mie-gacoan-genteng-f49fb30b-5b97-41b6-b66c-924da5d72fba/reviews,"Level 1 nya terlalu pedes. Adain level cabe 1, cabe 2, cabe 3",5.0,Udang Rambutan - Mie Iblis Lv 1,Ordered on 6 August 2021,1,Baik,,
1701446020-2116,https://gofood.co.id/en/surabaya/restaurant/mie-gacoan-genteng-f49fb30b-5b97-41b6-b66c-924da5d72fba/reviews,mantappppp rasa selalu juaraaaa 💕,5.0,Mie Iblis Lv 1 - Mie Iblis Lv 3 - Udang Rambutan - Udang Keju - Siomay Ayam - Lumpia Udang - Es Genderuwo,Ordered on 2 August 2021,1,Baik,,
1701446020-2117,https://gofood.co.id/en/surabaya/restaurant/mie-gacoan-genteng-f49fb30b-5b97-41b6-b66c-924da5d72fba/reviews,enak banget puas,4.0,Mie Iblis Lv 1,Ordered on 5 August 2021,1,Baik,,
1701446020-2118,https://gofood.co.id/en/surabaya/restaurant/mie-gacoan-genteng-f49fb30b-5b97-41b6-b66c-924da5d72fba/reviews,"klau bisa tolong sekiranya klau pesan  melalui gofood tidak harus antri sampek berjam"" gitu.. krna kasian pak gojek yg pada antri.. tolong dibikin kebijakan lagi yg lebih baik",5.0,Mie Iblis Lv 4,Ordered on 26 July 2021,0,Buruk,,
1701446020-2119,https://gofood.co.id/en/surabaya/restaurant/mie-gacoan-genteng-f49fb30b-5b97-41b6-b66c-924da5d72fba/reviews,"selalu favorit sih ini menunya, bikin nagih wakkk hmm yummy",5.0,Mie Iblis Lv 3 - Pangsit Goreng - Lumpia Udang - Udang Keju,Ordered on 17 July 2021,1,Baik,,
1701446020-2120,https://gofood.co.id/en/surabaya/restaurant/mie-gacoan-genteng-f49fb30b-5b97-41b6-b66c-924da5d72fba/reviews,"always pesen mie gacoan kalo pas lagi kumpul2 sama temen, mukbang, buat camilan pun bisa",5.0,Mie Iblis Lv 4 - Pangsit Goreng - Mie Iblis Lv 1 - Lumpia Udang,Ordered on 29 July 2021,1,Baik,,
1701446020-2121,https://gofood.co.id/en/surabaya/restaurant/mie-gacoan-genteng-f49fb30b-5b97-41b6-b66c-924da5d72fba/reviews,"pengantaran cepat, terima kasih",5.0,Mie Angel Super - Mie Iblis Lv 3,Ordered on 2 August 2021,1,Baik,,
1701446020-2122,https://gofood.co.id/en/surabaya/restaurant/mie-gacoan-genteng-f49fb30b-5b97-41b6-b66c-924da5d72fba/reviews,menu terfavorit yang udah aku pesen berkali-kali digofood.soal rasa jangan ditanya ya teman-teman.karena udah dijamin nagih banget.dan ordernya pk gofood ya gess banyak banget promonya soalnya.,5.0,Udang Keju - Mie Setan LV 6 - Mie Setan LV 8 - Mie Setan LV 2,Ordered on 27 June 2021,1,Baik,,
1701446020-2123,https://gofood.co.id/en/surabaya/restaurant/mie-gacoan-genteng-f49fb30b-5b97-41b6-b66c-924da5d72fba/reviews,"makanannya enak, tapi untuk pengemasan dan penulisan levelnya tolong lebih diperhatikan lagi",5.0,Udang Rambutan - Mie Setan LV 2 - Mie Setan LV 1 - Mie Iblis Lv 3 - Mie Setan LV 4 - Udang Keju - Ice Tea,Ordered on 4 August 2021,1,Baik,,
1701446020-2124,https://gofood.co.id/en/surabaya/restaurant/mie-gacoan-genteng-f49fb30b-5b97-41b6-b66c-924da5d72fba/reviews,Lebih ditingkatkan lagi kualitas take away,3.0,Mie Iblis Lv 1 - Udang Rambutan - Siomay Ayam - Lemon Tea - Es Genderuwo,Ordered on 19 June 2021,0,Buruk,,
1701446020-2125,https://gofood.co.id/en/surabaya/restaurant/mie-gacoan-genteng-f49fb30b-5b97-41b6-b66c-924da5d72fba/reviews,tambah sayur seperri selada lebih enak :),4.0,Mie Iblis Lv 1 - Mie Iblis Lv 3 - Siomay Ayam,Ordered on 4 August 2021,5,Buruk,,
1701446020-2126,https://gofood.co.id/en/surabaya/restaurant/mie-gacoan-genteng-f49fb30b-5b97-41b6-b66c-924da5d72fba/reviews,"Untuk mienya rasa bumbunya kurang, dan dimsumnya biasanya besar-besar ini kecil kecil dan terlalu gosong gorengnya, saya kecewa",2.0,Mie Setan LV 3 - Lumpia Udang,Ordered on 4 August 2021,0,Buruk,,
1701446020-2127,https://gofood.co.id/en/surabaya/restaurant/mie-gacoan-genteng-f49fb30b-5b97-41b6-b66c-924da5d72fba/reviews,Dimsumnya juara banget,5.0,Udang Rambutan - Udang Keju - Siomay Ayam - Pangsit Goreng - Lumpia Udang,Ordered on 3 July 2021,1,Baik,,
1701446020-2128,https://gofood.co.id/en/surabaya/restaurant/mie-gacoan-genteng-f49fb30b-5b97-41b6-b66c-924da5d72fba/reviews,Enak bgt menu2 nya rekomen seh pokok nya,5.0,Mie Iblis Lv 1 - Mie Iblis Lv 4 - Udang Keju - Mie Iblis Lv 3 - Siomay Ayam - Udang Rambutan - Es Sundel Bolong,Ordered on 2 August 2021,1,Baik,,
1701446020-2129,https://gofood.co.id/en/surabaya/restaurant/mie-gacoan-genteng-f49fb30b-5b97-41b6-b66c-924da5d72fba/reviews,Porsi dan rasa nya pas banget,5.0,Udang Rambutan - Mie Iblis Lv 3 - Mie Iblis Lv 2 - Lumpia Udang - Siomay Ayam - Mie Iblis Lv 1,Ordered on 3 August 2021,1,Baik,,
1701446020-2130,https://gofood.co.id/en/surabaya/restaurant/mie-gacoan-genteng-f49fb30b-5b97-41b6-b66c-924da5d72fba/reviews,packing tdk dikasi kabel tis,4.0,Mie Iblis Lv 2 - Udang Rambutan,Ordered on 3 August 2021,0,Buruk,,
1701446020-2131,https://gofood.co.id/en/surabaya/restaurant/mie-gacoan-genteng-f49fb30b-5b97-41b6-b66c-924da5d72fba/reviews,mie nya enak tapi kurang banyak😃😃😃,5.0,Mie Iblis Lv 1 - Mie Angel Super - Mie Iblis Lv 3 - Udang Keju,Ordered on 11 July 2021,1,Baik,,
1701446020-2132,https://gofood.co.id/en/surabaya/restaurant/mie-gacoan-genteng-f49fb30b-5b97-41b6-b66c-924da5d72fba/reviews,mantep enak polll,5.0,Mie Iblis Lv 6 - Mie Iblis Lv 3 - Mie Iblis Lv 8,Ordered on 19 June 2021,1,Baik,,
1701446020-2133,https://gofood.co.id/en/surabaya/restaurant/mie-gacoan-genteng-f49fb30b-5b97-41b6-b66c-924da5d72fba/reviews,harga sangat terjangkau & untuk rasa kurang mantap,5.0,Mie Iblis Lv 6 - Mie Iblis Lv 3 - Mie Iblis Lv 0 - Mie Setan LV 8 - Lumpia Udang - Es Genderuwo - Udang Keju - Siomay Ayam,Ordered on 13 June 2021,0,Buruk,,
1701446020-2134,https://gofood.co.id/en/surabaya/restaurant/mie-gacoan-genteng-f49fb30b-5b97-41b6-b66c-924da5d72fba/reviews,mie favorit banget,5.0,Lumpia Udang - Vanilla Latte - Mie Iblis Lv 4,Ordered on 2 August 2021,1,Baik,,
1701446020-2135,https://gofood.co.id/en/surabaya/restaurant/mie-gacoan-genteng-f49fb30b-5b97-41b6-b66c-924da5d72fba/reviews,"waktu pemesanan lebih lama, mungkin pelayanan bisa ditingkatkan kecepatannya",4.0,Udang Keju - Mie Iblis Lv 1,Ordered on 1 August 2021,0,Buruk,,
1701446020-2136,https://gofood.co.id/en/surabaya/restaurant/mie-gacoan-genteng-f49fb30b-5b97-41b6-b66c-924da5d72fba/reviews,"Banyak yang cocok sama rasanya katanya enak, harganya juga murah. Favoritku siomay ayam. Cuma menunggunya lumayan lama ya karena memang ramai..",5.0,Mie Iblis Lv 1 - Udang Keju - Mie Iblis Lv 0 - Siomay Ayam - Lumpia Udang,Ordered on 23 July 2021,1,Baik,,
1701446020-2137,https://gofood.co.id/en/surabaya/restaurant/mie-gacoan-genteng-f49fb30b-5b97-41b6-b66c-924da5d72fba/reviews,mie gacoan masih jd mie favorit ❤,5.0,Mie Iblis Lv 4 - Mie Iblis Lv 3,Ordered on 1 August 2021,1,Baik,,
1701446020-2138,https://gofood.co.id/en/surabaya/restaurant/mie-gacoan-genteng-f49fb30b-5b97-41b6-b66c-924da5d72fba/reviews,gak usah diragukan lagi lah soal rasa gacoan ini,5.0,Mie Iblis Lv 0 - Mie Iblis Lv 1 - Udang Rambutan - Udang Keju - Mie Angel Super - Lumpia Udang,Ordered on 2 July 2021,1,Baik,,
1701446020-2139,https://gofood.co.id/en/surabaya/restaurant/mie-gacoan-genteng-f49fb30b-5b97-41b6-b66c-924da5d72fba/reviews,rasanya ah mantap,5.0,Udang Keju - Mie Iblis Lv 1 - Udang Rambutan - Lumpia Udang,Ordered on 1 July 2021,1,Baik,,
1701446020-2140,https://gofood.co.id/en/surabaya/restaurant/mie-gacoan-genteng-f49fb30b-5b97-41b6-b66c-924da5d72fba/reviews,"Gacoan ini emang terbaik, gak ada obat, ketagihan terus",5.0,Mie Iblis Lv 2 - Mie Iblis Lv 1,Ordered on 23 July 2021,1,Baik,,
1701446020-2141,https://gofood.co.id/en/surabaya/restaurant/mie-gacoan-genteng-f49fb30b-5b97-41b6-b66c-924da5d72fba/reviews,enak banget tapi lamaa antrinya huhu,5.0,Udang Keju - Ceker Ayam - Mie Setan LV 2 - Mie Setan LV 1,Ordered on 7 June 2021,1,Baik,,
1701446020-2142,https://gofood.co.id/en/surabaya/restaurant/mie-gacoan-genteng-f49fb30b-5b97-41b6-b66c-924da5d72fba/reviews,mantap sekaliiiiiiiiiiii,5.0,Udang Keju - Mie Iblis Lv 1 - Mie Setan LV 2,Ordered on 30 July 2021,1,Baik,,
1701446020-2143,https://gofood.co.id/en/surabaya/restaurant/mie-gacoan-genteng-f49fb30b-5b97-41b6-b66c-924da5d72fba/reviews,tiada tanding untuk rasa . yuk pesan di gofood,5.0,Mie Iblis Lv 3 - Mie Iblis Lv 1 - Mie Angel Super,Ordered on 12 July 2021,1,Baik,,
1701446020-2144,https://gofood.co.id/en/surabaya/restaurant/mie-gacoan-genteng-f49fb30b-5b97-41b6-b66c-924da5d72fba/reviews,tiada tanding untuk rasa . yuk pesan di gofood,5.0,Mie Iblis Lv 3 - Mie Iblis Lv 1 - Udang Keju - Udang Rambutan,Ordered on 29 July 2021,1,Baik,,
1701446020-2145,https://gofood.co.id/en/surabaya/restaurant/mie-gacoan-genteng-f49fb30b-5b97-41b6-b66c-924da5d72fba/reviews,mie ini ga pernah ngecewain deh untuk rasa selalu TOP walau kadang salah milih level jadi lebih pedas dr biasanya. kadang level sama tapi lebih pedes juga .  ini mie pedes yg dikasi kecap jadi manis ..,5.0,Udang Keju - Mie Iblis Lv 1,Ordered on 4 June 2021,1,Baik,,
1701446020-2146,https://gofood.co.id/en/surabaya/restaurant/mie-gacoan-genteng-f49fb30b-5b97-41b6-b66c-924da5d72fba/reviews,"enak, pas muantulllll",5.0,Mie Iblis Lv 8,Ordered on 29 July 2021,1,Baik,,
1701446020-2147,https://gofood.co.id/en/surabaya/restaurant/mie-gacoan-genteng-f49fb30b-5b97-41b6-b66c-924da5d72fba/reviews,makanan favorit q,5.0,Udang Rambutan - Udang Keju - Mie Iblis Lv 0 - Mie Iblis Lv 2,Ordered on 28 July 2021,1,Baik,,
1701446020-2148,https://gofood.co.id/en/surabaya/restaurant/mie-gacoan-genteng-f49fb30b-5b97-41b6-b66c-924da5d72fba/reviews,Trusty tasty and recommended. I would like to give a advice to use proper take away bag. For costumer.,5.0,Thai Green Tea - Thai Tea Ori - Udang Rambutan - Udang Keju - Mie Iblis Lv 1 - Mie Iblis Lv 8 - Lumpia Udang,Ordered on 28 July 2021,1,Baik,,
1701446020-2149,https://gofood.co.id/en/surabaya/restaurant/mie-gacoan-genteng-f49fb30b-5b97-41b6-b66c-924da5d72fba/reviews,porsinya kurang,4.0,Mie Setan LV 1 - Mie Iblis Lv 1 - Es Pocong - Lemon Tea,Ordered on 28 July 2021,0,Buruk,,
1701446020-2150,https://gofood.co.id/en/surabaya/restaurant/mie-gacoan-genteng-f49fb30b-5b97-41b6-b66c-924da5d72fba/reviews,isi ayam pangsitnya makin sedikit,4.0,Udang Rambutan - Mie Iblis Lv 4 - Mie Iblis Lv 1,Ordered on 27 July 2021,0,Buruk,,
1701446020-2151,https://gofood.co.id/en/surabaya/restaurant/mie-gacoan-genteng-f49fb30b-5b97-41b6-b66c-924da5d72fba/reviews,kurang tersaji hangat jika makanan diantar sampai tempat🙏,3.0,Mie Iblis Lv 3 - Udang Rambutan,Ordered on 27 July 2021,0,Buruk,,
1701446020-2152,https://gofood.co.id/en/surabaya/restaurant/mie-gacoan-genteng-f49fb30b-5b97-41b6-b66c-924da5d72fba/reviews,enak bgt ak suka xixixixi,5.0,Mie Iblis Lv 3 - Mie Iblis Lv 0 - Mie Iblis Lv 2 - Siomay Ayam - Udang Rambutan - Mie Iblis Lv 1,Ordered on 26 July 2021,1,Baik,,
1701446020-2153,https://gofood.co.id/en/surabaya/restaurant/mie-gacoan-genteng-f49fb30b-5b97-41b6-b66c-924da5d72fba/reviews,enak. pedasnya pas..,4.0,Mie Iblis Lv 1 - Mie Iblis Lv 0,Ordered on 17 June 2021,1,Baik,,
1701446020-2154,https://gofood.co.id/en/surabaya/restaurant/mie-gacoan-genteng-f49fb30b-5b97-41b6-b66c-924da5d72fba/reviews,mantab dahhhhhh,5.0,Mie Iblis Lv 0,Ordered on 23 July 2021,1,Baik,,
1701446020-2155,https://gofood.co.id/en/surabaya/restaurant/mie-gacoan-genteng-f49fb30b-5b97-41b6-b66c-924da5d72fba/reviews,"saya bingung makannya,,karena tidak di kasih sumpit",5.0,Mie Iblis Lv 1 - Udang Keju,Ordered on 14 July 2021,0,Buruk,,
1701446020-2156,https://gofood.co.id/en/surabaya/restaurant/mie-gacoan-genteng-f49fb30b-5b97-41b6-b66c-924da5d72fba/reviews,Lama banget prosesnya 1 jam lebih,5.0,Mie Iblis Lv 1,Ordered on 23 July 2021,0,Buruk,,
1701446020-2157,https://gofood.co.id/en/surabaya/restaurant/mie-gacoan-genteng-f49fb30b-5b97-41b6-b66c-924da5d72fba/reviews,Jangan lama lama,5.0,Mie Iblis Lv 1,Ordered on 22 July 2021,0,Buruk,,
1701446020-2158,https://gofood.co.id/en/surabaya/restaurant/mie-gacoan-genteng-f49fb30b-5b97-41b6-b66c-924da5d72fba/reviews,oke bgt dgn harga yg murah,5.0,Mie Iblis Lv 1 - Udang Keju - Mie Iblis Lv 0,Ordered on 13 July 2021,1,Baik,,
1701446020-2159,https://gofood.co.id/en/surabaya/restaurant/mie-gacoan-genteng-f49fb30b-5b97-41b6-b66c-924da5d72fba/reviews,"gak seperti biasanya, knpa pesenan yg sekarang mie nya gak ada rasa sperti gak di kasih bumbu warnanya juga putih  ,",1.0,Mie Iblis Lv 3 - Udang Rambutan - Lumpia Udang - Ice Tea,Ordered on 22 July 2021,0,Buruk,,
1701446020-2160,https://gofood.co.id/en/surabaya/restaurant/mie-gacoan-genteng-f49fb30b-5b97-41b6-b66c-924da5d72fba/reviews,enak banget ah mantap,5.0,Mie Iblis Lv 3 - Udang Rambutan - Mie Iblis Lv 2,Ordered on 20 July 2021,1,Baik,,
1701446020-2161,https://gofood.co.id/en/surabaya/restaurant/mie-gacoan-genteng-f49fb30b-5b97-41b6-b66c-924da5d72fba/reviews,"Saus dimsum : kadang ada, kadang tidak",2.0,Mie Iblis Lv 1 - Udang Rambutan,Ordered on 17 July 2021,0,Buruk,,
1701446020-2162,https://gofood.co.id/en/surabaya/restaurant/mie-gacoan-genteng-f49fb30b-5b97-41b6-b66c-924da5d72fba/reviews,"semua rasa nya terlalu manis, dari mie & udang keju nya. Too oilly juga, & keripiknya kurang mantep , isiannya telur kah? seharusnya ayam",4.0,Mie Iblis Lv 1 - Udang Keju - Ice Tea,Ordered on 19 July 2021,0,Buruk,,
1701446020-2163,https://gofood.co.id/en/surabaya/restaurant/mie-gacoan-genteng-f49fb30b-5b97-41b6-b66c-924da5d72fba/reviews,muannnnn nnntappppp,5.0,Mie Iblis Lv 2 - Udang Keju - Mie Iblis Lv 1,Ordered on 19 July 2021,1,Baik,,
1701446020-2164,https://gofood.co.id/en/surabaya/restaurant/mie-gacoan-genteng-f49fb30b-5b97-41b6-b66c-924da5d72fba/reviews,ya kek biasanyalah mantap😌,5.0,Mie Iblis Lv 3 - Udang Keju - Lumpia Udang,Ordered on 19 July 2021,1,Baik,,
1701446020-2165,https://gofood.co.id/en/surabaya/restaurant/mie-gacoan-genteng-f49fb30b-5b97-41b6-b66c-924da5d72fba/reviews,pedesnya nampol beeuuddd🤩,5.0,Mie Iblis Lv 4 - Pangsit Goreng,Ordered on 18 July 2021,1,Baik,,
1701446020-2166,https://gofood.co.id/en/surabaya/restaurant/mie-gacoan-genteng-f49fb30b-5b97-41b6-b66c-924da5d72fba/reviews,"makanannya enak (jelas lah namanya juga gacoan) tapi sayang packaging nya hanya menggunakan sterofoam biasa, tidak mencantumkan merk dll. kalau packaging nya seperti biasa saya beri bintang 5",4.0,Udang Rambutan - Udang Keju - Mie Angel Super,Ordered on 17 July 2021,1,Baik,,
1701446020-2167,https://gofood.co.id/en/surabaya/restaurant/mie-gacoan-genteng-f49fb30b-5b97-41b6-b66c-924da5d72fba/reviews,lopyuuu mntb bgttttt ah mntb 🤍,5.0,Mie Iblis Lv 3 - Mie Setan LV 3 - Es Genderuwo,Ordered on 17 July 2021,1,Baik,,
1701446020-2168,https://gofood.co.id/en/surabaya/restaurant/mie-gacoan-genteng-f49fb30b-5b97-41b6-b66c-924da5d72fba/reviews,pesen level 4 kayak pesen level 1,3.0,Mie Setan LV 4 - Mie Iblis Lv 3 - Pangsit Goreng - Mie Iblis Lv 1,Ordered on 16 July 2021,0,Buruk,,
1701446020-2169,https://gofood.co.id/en/surabaya/restaurant/mie-gacoan-genteng-f49fb30b-5b97-41b6-b66c-924da5d72fba/reviews,enaak tp antrinya lamaa:(,5.0,Pangsit Goreng - Mie Iblis Lv 8,Ordered on 14 July 2021,1,Baik,,
1701446020-2170,https://gofood.co.id/en/surabaya/restaurant/mie-gacoan-genteng-f49fb30b-5b97-41b6-b66c-924da5d72fba/reviews,"awal buka rasanya the best banget, smakin ksini rasa hampir sama dengan Kober",2.0,Mie Iblis Lv 8 - Mie Iblis Lv 4 - Mie Iblis Lv 3 - Udang Rambutan - Udang Keju,Ordered on 13 July 2021,0,Buruk,,
1701446020-2171,https://gofood.co.id/en/surabaya/restaurant/mie-gacoan-genteng-f49fb30b-5b97-41b6-b66c-924da5d72fba/reviews,porsinya dikit wkwk. kurang jadinya,5.0,Mie Iblis Lv 1 - Udang Rambutan - Mie Iblis Lv 0,Ordered on 13 July 2021,0,Buruk,,
1701446020-2172,https://gofood.co.id/en/surabaya/restaurant/mie-gacoan-genteng-f49fb30b-5b97-41b6-b66c-924da5d72fba/reviews,semoga pelayanan nya semakin maksimal 🥰,5.0,Mie Iblis Lv 1 - Udang Keju,Ordered on 13 July 2021,1,Baik,,
1701446020-2173,https://gofood.co.id/en/surabaya/restaurant/mie-gacoan-genteng-f49fb30b-5b97-41b6-b66c-924da5d72fba/reviews,"tidak sesuai apa yang saya pesan, kurang 1 hidangan yang tidak saya terima",2.0,Mie Iblis Lv 2 - Udang Keju - Mie Iblis Lv 1 - Lumpia Udang - Mie Iblis Lv 3,Ordered on 12 July 2021,0,Buruk,,
1701446020-2174,https://gofood.co.id/en/surabaya/restaurant/mie-gacoan-genteng-f49fb30b-5b97-41b6-b66c-924da5d72fba/reviews,"rasa B kemasan kurang rapi,seharusnya untuk membedakan level di kasih tulisan pake bulpoint jangan asal2an,porsi pas laah iya",2.0,Mie Iblis Lv 0 - Mie Iblis Lv 2 - Mie Setan LV 2 - Es Genderuwo - Es Tuyul - Milo - Mie Iblis Lv 3,Ordered on 12 July 2021,0,Buruk,,
1701446020-2175,https://gofood.co.id/en/surabaya/restaurant/mie-gacoan-genteng-f49fb30b-5b97-41b6-b66c-924da5d72fba/reviews,Terlalu asin Keknya yg msk pengen nikah. Beda rasanya sm yg d wiyung lebih enak yg d wiyung,3.0,Mie Setan LV 1 - Thai Tea Ori,Ordered on 11 July 2021,0,Buruk,,
1701446020-2176,https://gofood.co.id/en/surabaya/restaurant/mie-gacoan-genteng-f49fb30b-5b97-41b6-b66c-924da5d72fba/reviews,Tingkat pedes tidak konsisten (kadang pedes kadang gak pedes) semoga bisa diperbaiki..,4.0,Mie Iblis Lv 1 - Mie Iblis Lv 3 - Udang Rambutan - Udang Keju,Ordered on 11 July 2021,0,Buruk,,
1701446020-2177,https://gofood.co.id/en/surabaya/restaurant/mie-gacoan-genteng-f49fb30b-5b97-41b6-b66c-924da5d72fba/reviews,Lebih enak di sini dri pada cabang wiyung hehe,5.0,Mie Iblis Lv 3 - Siomay Ayam,Ordered on 9 July 2021,1,Baik,,
1701446020-2178,https://gofood.co.id/en/surabaya/restaurant/mie-gacoan-genteng-f49fb30b-5b97-41b6-b66c-924da5d72fba/reviews,makanannya favorite banget,5.0,Mie Setan LV 2 - Udang Keju - Lumpia Udang - Siomay Ayam - Es Genderuwo,Ordered on 9 July 2021,1,Baik,,
1701446020-2179,https://gofood.co.id/en/surabaya/restaurant/mie-gacoan-genteng-f49fb30b-5b97-41b6-b66c-924da5d72fba/reviews,"pesanan lama, harus 3x order baru dapet pesanan",4.0,Udang Rambutan - Mie Iblis Lv 8 - Pangsit Goreng,Ordered on 9 July 2021,0,Buruk,,
1701446020-2180,https://gofood.co.id/en/surabaya/restaurant/mie-gacoan-genteng-f49fb30b-5b97-41b6-b66c-924da5d72fba/reviews,babyak minyaknya,4.0,Mie Iblis Lv 1 - Udang Rambutan,Ordered on 20 June 2021,0,Buruk,,
1701446020-2181,https://gofood.co.id/en/surabaya/restaurant/mie-gacoan-genteng-f49fb30b-5b97-41b6-b66c-924da5d72fba/reviews,soal rasa enak cm yg level 3 terlalu berminyak,5.0,Mie Iblis Lv 1 - Mie Iblis Lv 3,Ordered on 8 July 2021,0,Buruk,,
1701446020-2182,https://gofood.co.id/en/surabaya/restaurant/mie-gacoan-genteng-f49fb30b-5b97-41b6-b66c-924da5d72fba/reviews,pesanan ada yang salah,3.0,Udang Keju - Mie Angel Super - Mie Setan LV 4,Ordered on 7 July 2021,0,Buruk,,
1701446020-2183,https://gofood.co.id/en/surabaya/restaurant/mie-gacoan-genteng-f49fb30b-5b97-41b6-b66c-924da5d72fba/reviews,tambah counter biar lebih cepat,4.0,Mie Setan LV 2 - Mie Iblis Lv 1 - Siomay Ayam - Lumpia Udang,Ordered on 26 June 2021,0,Buruk,,
1701446020-2184,https://gofood.co.id/en/surabaya/restaurant/mie-gacoan-genteng-f49fb30b-5b97-41b6-b66c-924da5d72fba/reviews,very nice rsanya ah mantapp,5.0,Mie Setan LV 3 - Udang Rambutan - Mie Setan LV 1 - Mie Iblis Lv 8,Ordered on 7 July 2021,1,Baik,,
1701446020-2185,https://gofood.co.id/en/surabaya/restaurant/mie-gacoan-genteng-f49fb30b-5b97-41b6-b66c-924da5d72fba/reviews,"pelayanan perlu ditingkatkan. kasihan abang gojek antri lama, saya juga lapar.",4.0,Mie Iblis Lv 1 - Mie Iblis Lv 3 - Udang Keju - Lumpia Udang,Ordered on 6 July 2021,0,Buruk,,
1701446020-2186,https://gofood.co.id/en/surabaya/restaurant/mie-gacoan-genteng-f49fb30b-5b97-41b6-b66c-924da5d72fba/reviews,"kebetulan gua pickup sendiri karena ditolak sama para driver gaada yang antar, eh sampe sana antriannya panjang sama kyk Ojol tau gitu dibatalin, maksudnya ya gua gamau nunggu terlalu toh juga saya ambil sendiri, kalo tau gitu ya saya mending diem dirumah aja cari lain",2.0,Mie Iblis Lv 3 - Mie Iblis Lv 0 - Udang Rambutan,Ordered on 4 July 2021,0,Buruk,,
1701446020-2187,https://gofood.co.id/en/surabaya/restaurant/mie-gacoan-genteng-f49fb30b-5b97-41b6-b66c-924da5d72fba/reviews,jgn pake fom dong😁,5.0,Mie Iblis Lv 1 - Mie Iblis Lv 3,Ordered on 1 July 2021,0,Buruk,,
1701446020-2188,https://gofood.co.id/en/surabaya/restaurant/mie-gacoan-genteng-f49fb30b-5b97-41b6-b66c-924da5d72fba/reviews,"banyak banget minyaknya, sampe berasa kayak mie kuah minyak, di wa admin nya kgk di bales, dan rasa asin banget 🤢",1.0,Lumpia Udang - Udang Keju - Mie Iblis Lv 0 - Mie Setan LV 1,Ordered on 19 June 2021,0,Buruk,,
1701446020-2189,https://gofood.co.id/en/surabaya/restaurant/mie-gacoan-genteng-f49fb30b-5b97-41b6-b66c-924da5d72fba/reviews,tambahin sedikit lagi porsi mienya.. favorit banget dimsumnya,5.0,Udang Rambutan - Mie Iblis Lv 3 - Udang Keju - Mie Iblis Lv 0 - Siomay Ayam - Pangsit Goreng,Ordered on 2 July 2021,1,Baik,,
1701446020-2190,https://gofood.co.id/en/surabaya/restaurant/mie-gacoan-genteng-f49fb30b-5b97-41b6-b66c-924da5d72fba/reviews,suka si pedesnya itu kerasa dan bikin perut kenyang,5.0,Mie Setan LV 3,Ordered on 3 July 2021,1,Baik,,
1701446020-2191,https://gofood.co.id/en/surabaya/restaurant/mie-gacoan-genteng-f49fb30b-5b97-41b6-b66c-924da5d72fba/reviews,"ngantrinya luama banget,nafsu makannya hilang",1.0,Mie Iblis Lv 1 - Mie Iblis Lv 0,Ordered on 30 June 2021,0,Buruk,,
1701446020-2192,https://gofood.co.id/en/surabaya/restaurant/mie-gacoan-genteng-f49fb30b-5b97-41b6-b66c-924da5d72fba/reviews,antrian nya panjang,4.0,Mie Iblis Lv 2 - Mie Iblis Lv 3 - Udang Rambutan,Ordered on 2 July 2021,0,Buruk,,
1701446020-2193,https://gofood.co.id/en/surabaya/restaurant/mie-gacoan-genteng-f49fb30b-5b97-41b6-b66c-924da5d72fba/reviews,mie iblisnya terlalu banyak kecap,3.0,Mie Angel Super - Mie Iblis Lv 3 - Mie Setan LV 1 - Es Genderuwo,Ordered on 2 July 2021,0,Buruk,,
1701446020-2194,https://gofood.co.id/en/surabaya/restaurant/mie-gacoan-genteng-f49fb30b-5b97-41b6-b66c-924da5d72fba/reviews,thanks dah bikin malam ini kepedesan yg Nikmat,5.0,Mie Iblis Lv 3 - Udang Rambutan - Udang Keju,Ordered on 2 July 2021,1,Baik,,
1701446020-2195,https://gofood.co.id/en/surabaya/restaurant/mie-gacoan-genteng-f49fb30b-5b97-41b6-b66c-924da5d72fba/reviews,"lama banget, rasanya juga asin",4.0,Udang Keju - Mie Setan LV 1 - Siomay Ayam - Thai Green Tea,Ordered on 1 July 2021,0,Buruk,,
1701446020-2196,https://gofood.co.id/en/surabaya/restaurant/mie-gacoan-genteng-f49fb30b-5b97-41b6-b66c-924da5d72fba/reviews,terlalu lama sen nunggu gonta ganti driver dari jam 3 juga sampek jam 5 😭,5.0,Udang Rambutan - Mie Iblis Lv 3,Ordered on 30 June 2021,0,Buruk,,
1701446020-2197,https://gofood.co.id/en/surabaya/restaurant/mie-gacoan-genteng-f49fb30b-5b97-41b6-b66c-924da5d72fba/reviews,terlalu bnyak kecap,1.0,Mie Iblis Lv 6 - Mie Iblis Lv 1 - Es Coklat - Thai Tea Ori - Mie Angel Super,Ordered on 29 June 2021,0,Buruk,,
1701446020-2198,https://gofood.co.id/en/surabaya/restaurant/mie-gacoan-genteng-f49fb30b-5b97-41b6-b66c-924da5d72fba/reviews,mantaaaaaaap joooooss gandooooos,5.0,Mie Iblis Lv 4,Ordered on 29 June 2021,1,Baik,,
1701446020-2199,https://gofood.co.id/en/surabaya/restaurant/mie-gacoan-genteng-f49fb30b-5b97-41b6-b66c-924da5d72fba/reviews,porsi nya lbh sedikit dr pd biasa nya,3.0,Mie Angel Super - Mie Iblis Lv 0,Ordered on 29 June 2021,0,Buruk,,
1701446020-2200,https://gofood.co.id/en/surabaya/restaurant/mie-gacoan-genteng-f49fb30b-5b97-41b6-b66c-924da5d72fba/reviews,enak bgt rasanya sangat rekomendet pokoknya. terimkasih buat chef yg sudah memasakkan nya dengan baik. somay nya sangat enak. terimkasih pada kurir yg mengantar,5.0,Siomay Ayam - Mie Iblis Lv 1 - Mie Iblis Lv 2 - Udang Keju,Ordered on 24 June 2021,1,Baik,,
1701446020-2201,https://gofood.co.id/en/surabaya/restaurant/mie-gacoan-genteng-f49fb30b-5b97-41b6-b66c-924da5d72fba/reviews,tolong lebih cepat dikit,3.0,Mie Iblis Lv 4 - Mie Setan LV 2,Ordered on 27 June 2021,0,Buruk,,
1701446020-2202,https://gofood.co.id/en/surabaya/restaurant/mie-gacoan-genteng-f49fb30b-5b97-41b6-b66c-924da5d72fba/reviews,"level 4 kurang pedas,mie angel tidak ada kuahnya",4.0,Mie Iblis Lv 4 - Mie Angel Super,Ordered on 24 June 2021,5,Buruk,,
1701446020-2203,https://gofood.co.id/en/surabaya/restaurant/mie-gacoan-genteng-f49fb30b-5b97-41b6-b66c-924da5d72fba/reviews,sayang tadi bayarnya kelebihan katanya gk bwa uang kurirnya,5.0,Mie Setan LV 8 - Mie Setan LV 4,Ordered on 25 June 2021,5,Buruk,,
1701446020-2204,https://gofood.co.id/en/surabaya/restaurant/mie-gacoan-genteng-f49fb30b-5b97-41b6-b66c-924da5d72fba/reviews,kemasan nya jangan pakai styrofoam ya,5.0,Mie Iblis Lv 6 - Es Tuyul - Udang Rambutan,Ordered on 24 June 2021,0,Buruk,,
1701446020-2205,https://gofood.co.id/en/surabaya/restaurant/mie-gacoan-genteng-f49fb30b-5b97-41b6-b66c-924da5d72fba/reviews,gak pernah bosen dech,5.0,Mie Iblis Lv 3,Ordered on 25 June 2021,1,Baik,,
1701446020-2206,https://gofood.co.id/en/surabaya/restaurant/mie-gacoan-genteng-f49fb30b-5b97-41b6-b66c-924da5d72fba/reviews,tumben d ksh pangsit gorengnya cmn 1 biasanya beli dpt 2,4.0,Mie Iblis Lv 3 - Thai Tea Ori - Ice Tea,Ordered on 24 June 2021,0,Buruk,,
1701446020-2207,https://gofood.co.id/en/surabaya/restaurant/mie-gacoan-genteng-f49fb30b-5b97-41b6-b66c-924da5d72fba/reviews,tidak ada sedotannya ini padahal kemarin pesen ada kok..disayangkan..kecewa sekali.,1.0,Mie Iblis Lv 4 - Mie Iblis Lv 3 - Mie Setan LV 8 - Mie Angel Super - Thai Green Tea,Ordered on 24 June 2021,0,Buruk,,
1701446020-2208,https://gofood.co.id/en/surabaya/restaurant/mie-gacoan-genteng-f49fb30b-5b97-41b6-b66c-924da5d72fba/reviews,pasti 1 jam baru selesai dan baru sampai.. jangan lama-lama ya gan. keburu perutku dangdutan hehehe,5.0,Udang Rambutan - Udang Keju - Lumpia Udang - Mie Iblis Lv 1 - Mie Iblis Lv 3,Ordered on 24 June 2021,0,Buruk,,
1701446020-2209,https://gofood.co.id/en/surabaya/restaurant/mie-gacoan-genteng-f49fb30b-5b97-41b6-b66c-924da5d72fba/reviews,enaaakkk bgt👍👍👍👍👍👍👍👍👍👍👍👍👍👍👍👍💘💘💘💘💘,5.0,Mie Iblis Lv 4 - Lumpia Udang - Mie Iblis Lv 2 - Udang Rambutan,Ordered on 22 June 2021,1,Baik,,
1701446020-2210,https://gofood.co.id/en/surabaya/restaurant/mie-gacoan-genteng-f49fb30b-5b97-41b6-b66c-924da5d72fba/reviews,nambah personel mungkin ya? supaya antri nya ngga lama2.. thx,5.0,Mie Iblis Lv 3 - Udang Rambutan - Mie Iblis Lv 0,Ordered on 22 June 2021,0,Buruk,,
1701446020-2211,https://gofood.co.id/en/surabaya/restaurant/mie-gacoan-genteng-f49fb30b-5b97-41b6-b66c-924da5d72fba/reviews,makanan enak tapi agar berminyak untuk gorengan dan mie nya,5.0,Mie Angel Super - Mie Iblis Lv 2 - Udang Keju,Ordered on 21 June 2021,0,Buruk,,
1701446020-2212,https://gofood.co.id/en/surabaya/restaurant/mie-gacoan-genteng-f49fb30b-5b97-41b6-b66c-924da5d72fba/reviews,ENAK BGT UDANG KEJUNYA GAPAHAM LAGI,5.0,Mie Iblis Lv 1 - Udang Keju - Mie Setan LV 2 - Lumpia Udang,Ordered on 8 June 2021,1,Baik,,
1701446020-2213,https://gofood.co.id/en/surabaya/restaurant/mie-gacoan-genteng-f49fb30b-5b97-41b6-b66c-924da5d72fba/reviews,"lwama bgt antrinya, sejam lebih. kasian driver gojek dan yg nunggu di rumah, sampe ketiduran",5.0,Mie Iblis Lv 8 - Mie Iblis Lv 6 - Mie Iblis Lv 4 - Mie Iblis Lv 0,Ordered on 21 June 2021,0,Buruk,,
1701446020-2214,https://gofood.co.id/en/surabaya/restaurant/mie-gacoan-genteng-f49fb30b-5b97-41b6-b66c-924da5d72fba/reviews,"rasanya nendang buanget, endol tak kendol kendol. ambyaarrr",5.0,Mie Iblis Lv 2 - Mie Iblis Lv 3 - Mie Iblis Lv 4 - Udang Rambutan - Lumpia Udang - Udang Keju,Ordered on 21 June 2021,0,Buruk,,
1701446020-2215,https://gofood.co.id/en/surabaya/restaurant/mie-gacoan-genteng-f49fb30b-5b97-41b6-b66c-924da5d72fba/reviews,sangat enak.. sayangnya lama buatnya. mungkin karna rame,5.0,Mie Angel Super - Mie Iblis Lv 3,Ordered on 21 June 2021,1,Baik,,
1701446020-2216,https://gofood.co.id/en/surabaya/restaurant/mie-gacoan-genteng-f49fb30b-5b97-41b6-b66c-924da5d72fba/reviews,tapi antrinya lama,5.0,Mie Iblis Lv 3 - Mie Setan LV 3 - Milo,Ordered on 20 June 2021,0,Buruk,,
1701446020-2217,https://gofood.co.id/en/surabaya/restaurant/mie-gacoan-genteng-f49fb30b-5b97-41b6-b66c-924da5d72fba/reviews,"pls jgn pake foam lg , pake kardus dong, trus kalo ngasih keterangan menu yg jelas ya, kn gatau lvl² mie nya kalo nulis nya asal²an gitu",5.0,Mie Setan LV 3 - Mie Iblis Lv 1 - Udang Rambutan - Siomay Ayam,Ordered on 19 June 2021,0,Buruk,,
1701446020-2218,https://gofood.co.id/en/surabaya/restaurant/mie-gacoan-genteng-f49fb30b-5b97-41b6-b66c-924da5d72fba/reviews,"Untuk dimsum tampilannya ga se-fresh dan sebagus kalo makan di tempat, rasanya juga beda, kaya stok lama yg dikasih. Udah beberapa kali pesan dimsum kualitasnya tetap seperti itu. Tolong diperbaiki biar customer gak kecewa.",3.0,Mie Iblis Lv 2 - Mie Iblis Lv 4 - Udang Keju - Lumpia Udang,Ordered on 19 June 2021,0,Buruk,,
1701446020-2219,https://gofood.co.id/en/surabaya/restaurant/mie-gacoan-genteng-f49fb30b-5b97-41b6-b66c-924da5d72fba/reviews,kliatannya bukan level 1 deh . pedesnya kebangetan gk kyk biasanya 😭 lebih dicek lagi yaa,3.0,Mie Iblis Lv 1 - Ceker Ayam - Lumpia Udang,Ordered on 19 June 2021,0,Buruk,,
1701446020-2220,https://gofood.co.id/en/surabaya/restaurant/mie-gacoan-genteng-f49fb30b-5b97-41b6-b66c-924da5d72fba/reviews,uda beli yang ke 7x kayanya emang ueenaaakkkk pwoolll,5.0,Mie Iblis Lv 3 - Lumpia Udang - Udang Keju - Mie Iblis Lv 0 - Mie Iblis Lv 6 - Udang Rambutan,Ordered on 19 June 2021,1,Baik,,
1701446020-2221,https://gofood.co.id/en/surabaya/restaurant/mie-gacoan-genteng-f49fb30b-5b97-41b6-b66c-924da5d72fba/reviews,uenak...sesuai budget..wkwk,5.0,Mie Angel Super - Mie Iblis Lv 3,Ordered on 19 June 2021,1,Baik,,
1701446020-2222,https://gofood.co.id/en/surabaya/restaurant/mie-gacoan-genteng-f49fb30b-5b97-41b6-b66c-924da5d72fba/reviews,"mohon maaf saya pesen thai tea tapi sudah basi, semoga besok ga kejadian lagi terima kasih",4.0,Udang Keju - Mie Iblis Lv 3 - Thai Tea Ori,Ordered on 18 June 2021,0,Buruk,,
1701446020-2223,https://gofood.co.id/en/surabaya/restaurant/mie-gacoan-genteng-f49fb30b-5b97-41b6-b66c-924da5d72fba/reviews,sekali nya pengen order ternyata kurang memuaskan🙄😌,1.0,Udang Rambutan - Mie Iblis Lv 0 - Mie Iblis Lv 8,Ordered on 18 June 2021,0,Buruk,,
1701446020-2224,https://gofood.co.id/en/surabaya/restaurant/mie-gacoan-genteng-f49fb30b-5b97-41b6-b66c-924da5d72fba/reviews,pedes banget padahal level 1 :'v,5.0,Mie Angel Super - Mie Iblis Lv 1 - Mie Setan LV 1,Ordered on 9 June 2021,1,Baik,,
1701446020-2225,https://gofood.co.id/en/surabaya/restaurant/mie-gacoan-genteng-f49fb30b-5b97-41b6-b66c-924da5d72fba/reviews,estimasi waktu pengemasan agar dipercepat,4.0,Mie Iblis Lv 3 - Lumpia Udang,Ordered on 18 June 2021,0,Buruk,,
1701446020-2226,https://gofood.co.id/en/surabaya/restaurant/mie-gacoan-genteng-f49fb30b-5b97-41b6-b66c-924da5d72fba/reviews,wadah packing nya dunk kalo bisa jangan pake sterofoam. hanya sekedar masukan saja. terima kasih.,5.0,Udang Keju - Mie Iblis Lv 4 - Udang Rambutan,Ordered on 17 June 2021,0,Buruk,,
1701446020-2227,https://gofood.co.id/en/surabaya/restaurant/mie-gacoan-genteng-f49fb30b-5b97-41b6-b66c-924da5d72fba/reviews,gacoan teman kenyang,5.0,Mie Iblis Lv 8 - Thai Tea Ori,Ordered on 17 June 2021,1,Baik,,
1701446020-2228,https://gofood.co.id/en/surabaya/restaurant/mie-gacoan-genteng-f49fb30b-5b97-41b6-b66c-924da5d72fba/reviews,Mie tidak matang,2.0,Mie Setan LV 1 - Pangsit Goreng,Ordered on 17 June 2021,0,Buruk,,
1701446020-2229,https://gofood.co.id/en/surabaya/restaurant/mie-gacoan-genteng-f49fb30b-5b97-41b6-b66c-924da5d72fba/reviews,"antri nya kebangetan, buat yg keburu laper mending jgn dulu",3.0,Mie Iblis Lv 8 - Mie Setan LV 4,Ordered on 8 May 2021,0,Buruk,,
1701446020-2230,https://gofood.co.id/en/surabaya/restaurant/mie-gacoan-genteng-f49fb30b-5b97-41b6-b66c-924da5d72fba/reviews,buka cabang lg dong biar ga antri mulu,5.0,Mie Iblis Lv 3 - Mie Iblis Lv 1 - Mie Iblis Lv 4 - Mie Iblis Lv 0,Ordered on 16 June 2021,0,Buruk,,
1701446020-2231,https://gofood.co.id/en/surabaya/restaurant/mie-gacoan-genteng-f49fb30b-5b97-41b6-b66c-924da5d72fba/reviews,order lv. 4 tapi level kepedasan nya seperti lv. 0 kondisi gelas pecah jadi es tumpah,2.0,Udang Rambutan - Mie Iblis Lv 1 - Mie Iblis Lv 4 - Mie Iblis Lv 0 - Es Genderuwo,Ordered on 16 June 2021,0,Buruk,,
1701446020-2232,https://gofood.co.id/en/surabaya/restaurant/mie-gacoan-genteng-f49fb30b-5b97-41b6-b66c-924da5d72fba/reviews,Kenapa kemasannya kog sterofoam? Biasanya box ada mereknya gacoan ini gak ada,2.0,Udang Rambutan - Udang Keju - Mie Setan LV 1 - Mie Iblis Lv 1,Ordered on 26 May 2021,0,Buruk,,
1701446020-2233,https://gofood.co.id/en/surabaya/restaurant/mie-gacoan-genteng-f49fb30b-5b97-41b6-b66c-924da5d72fba/reviews,level 2 kok pedas tp porsi mantap,5.0,Udang Rambutan - Pangsit Goreng - Mie Iblis Lv 2,Ordered on 15 June 2021,1,Baik,,
1701446020-2234,https://gofood.co.id/en/surabaya/restaurant/mie-gacoan-genteng-f49fb30b-5b97-41b6-b66c-924da5d72fba/reviews,Bikin mata melekk mantap,5.0,Mie Iblis Lv 1 - Siomay Ayam - Ice Tea,Ordered on 14 June 2021,1,Baik,,
1701446020-2235,https://gofood.co.id/en/surabaya/restaurant/mie-gacoan-genteng-f49fb30b-5b97-41b6-b66c-924da5d72fba/reviews,antri klo jam makan,3.0,Mie Iblis Lv 3 - Udang Keju - Siomay Ayam - Udang Rambutan - Mie Iblis Lv 1,Ordered on 14 June 2021,0,Buruk,,
1701446020-2236,https://gofood.co.id/en/surabaya/restaurant/mie-gacoan-genteng-f49fb30b-5b97-41b6-b66c-924da5d72fba/reviews,"Antrinya luaaaamaaaa poll, pesen 20.46, baru dateng sekitar 22.30 an",1.0,Mie Iblis Lv 1 - Mie Iblis Lv 2 - Siomay Ayam - Lumpia Udang - Mie Angel Super - Pangsit Goreng,Ordered on 13 June 2021,0,Buruk,,
1701446020-2237,https://gofood.co.id/en/surabaya/restaurant/mie-gacoan-genteng-f49fb30b-5b97-41b6-b66c-924da5d72fba/reviews,enak banget parahhh😘😘😘,5.0,Mie Setan LV 1 - Mie Iblis Lv 2 - Udang Rambutan,Ordered on 13 June 2021,1,Baik,,
1701446020-2238,https://gofood.co.id/en/surabaya/restaurant/mie-gacoan-genteng-f49fb30b-5b97-41b6-b66c-924da5d72fba/reviews,nunggu nya lama bgt hampir 1.5jàm,4.0,Mie Iblis Lv 1 - Mie Iblis Lv 6 - Udang Rambutan - Siomay Ayam,Ordered on 10 June 2021,0,Buruk,,
1701446020-2239,https://gofood.co.id/en/surabaya/restaurant/mie-gacoan-genteng-f49fb30b-5b97-41b6-b66c-924da5d72fba/reviews,minyaknya banjir :(,4.0,Mie Iblis Lv 1 - Mie Iblis Lv 2 - Mie Iblis Lv 3,Ordered on 11 June 2021,0,Buruk,,
1701446020-2240,https://gofood.co.id/en/surabaya/restaurant/mie-gacoan-genteng-f49fb30b-5b97-41b6-b66c-924da5d72fba/reviews,"Ntah ya, kali ini kok kurang sedep rasanya. heheh Tapi, siomay-nya enak. 🥰",3.0,Udang Rambutan - Siomay Ayam - Mie Iblis Lv 2,Ordered on 2 June 2021,0,Buruk,,
1701446020-2241,https://gofood.co.id/en/surabaya/restaurant/mie-gacoan-genteng-f49fb30b-5b97-41b6-b66c-924da5d72fba/reviews,Terimakasih Buat yang masak,5.0,Udang Rambutan - Mie Iblis Lv 1 - Mie Setan LV 1,Ordered on 6 June 2021,1,Baik,,
1701446020-2242,https://gofood.co.id/en/surabaya/restaurant/mie-gacoan-genteng-f49fb30b-5b97-41b6-b66c-924da5d72fba/reviews,kok kecil skrg udang rambutan nya,4.0,Udang Rambutan - Mie Iblis Lv 1,Ordered on 10 June 2021,0,Buruk,,
1701446020-2243,https://gofood.co.id/en/surabaya/restaurant/mie-gacoan-genteng-f49fb30b-5b97-41b6-b66c-924da5d72fba/reviews,waktu tunggunya dipercepat kalau bisa. nunggu lama itu ga enak kak. udah laper.,4.0,Mie Iblis Lv 1 - Siomay Ayam - Pangsit Goreng - Lumpia Udang,Ordered on 8 June 2021,0,Buruk,,
1701446020-2244,https://gofood.co.id/en/surabaya/restaurant/mie-gacoan-genteng-f49fb30b-5b97-41b6-b66c-924da5d72fba/reviews,mie nyaa enak tp ngantrinya ga sanggup keterlaluan 2 jam..gelo,1.0,Mie Iblis Lv 1 - Orange - Udang Rambutan,Ordered on 10 June 2021,0,Buruk,,
1701446020-2245,https://gofood.co.id/en/surabaya/restaurant/mie-gacoan-genteng-f49fb30b-5b97-41b6-b66c-924da5d72fba/reviews,"Ordernya udang keju 2, yang dateng udang rambutan. Tolong lebih teliti lagi ya",4.0,Mie Iblis Lv 3 - Udang Keju - Siomay Ayam - Mie Iblis Lv 1,Ordered on 5 June 2021,0,Buruk,,
1701446020-2246,https://gofood.co.id/en/surabaya/restaurant/mie-gacoan-genteng-f49fb30b-5b97-41b6-b66c-924da5d72fba/reviews,Antrinya lama kasiah pak gojeknya,3.0,Mie Iblis Lv 0 - Mie Setan LV 1,Ordered on 3 June 2021,0,Buruk,,
1701446020-2247,https://gofood.co.id/en/surabaya/restaurant/mie-gacoan-genteng-f49fb30b-5b97-41b6-b66c-924da5d72fba/reviews,mantabbbbbbbbbbbbbbbbb,5.0,Mie Iblis Lv 1 - Mie Iblis Lv 0 - Mie Iblis Lv 2,Ordered on 8 June 2021,1,Baik,,
1701446020-2248,https://gofood.co.id/en/surabaya/restaurant/mie-gacoan-genteng-f49fb30b-5b97-41b6-b66c-924da5d72fba/reviews,"kebetulan tadi bumbunya kurang chef, lain kali ditingkatin lagi ya chef<3",5.0,Mie Iblis Lv 3 - Siomay Ayam - Mie Angel Super,Ordered on 9 June 2021,0,Buruk,,
1701446020-2249,https://gofood.co.id/en/surabaya/restaurant/mie-gacoan-genteng-f49fb30b-5b97-41b6-b66c-924da5d72fba/reviews,lama bangetttt harus nunggu sejam,5.0,Pangsit Goreng - Mie Setan LV 8,Ordered on 8 June 2021,0,Buruk,,
1701446020-2250,https://gofood.co.id/en/surabaya/restaurant/mie-gacoan-genteng-f49fb30b-5b97-41b6-b66c-924da5d72fba/reviews,Gorengan udang kejunya uenak pol,4.0,Udang Keju - Mie Angel Super,Ordered on 8 June 2021,1,Baik,,
1701446020-2251,https://gofood.co.id/en/surabaya/restaurant/mie-gacoan-genteng-f49fb30b-5b97-41b6-b66c-924da5d72fba/reviews,padahal pick up double order bersamaan waktunya tapi masih nunggu lama untuk order satunya waktu ditempat.,2.0,Thai Green Tea - Mie Iblis Lv 4 - Lumpia Udang,Ordered on 7 June 2021,0,Buruk,,
1701446020-2252,https://gofood.co.id/en/surabaya/restaurant/mie-gacoan-genteng-f49fb30b-5b97-41b6-b66c-924da5d72fba/reviews,pesen lv 1 tp pedesnya kek lv 5,3.0,Mie Iblis Lv 1 - Udang Rambutan,Ordered on 30 May 2021,0,Buruk,,
1701446020-2253,https://gofood.co.id/en/surabaya/restaurant/mie-gacoan-genteng-f49fb30b-5b97-41b6-b66c-924da5d72fba/reviews,suka bingit mie nya langganan,5.0,Mie Iblis Lv 4,Ordered on 6 June 2021,1,Baik,,
1701446020-2254,https://gofood.co.id/en/surabaya/restaurant/mie-gacoan-genteng-f49fb30b-5b97-41b6-b66c-924da5d72fba/reviews,tolong kalo pesen level 1 jangan dikasi level 4 yaa.,4.0,Udang Keju - Siomay Ayam - Mie Setan LV 2 - Mie Iblis Lv 1,Ordered on 4 June 2021,0,Buruk,,
1701446020-2255,https://gofood.co.id/en/surabaya/restaurant/mie-gacoan-genteng-f49fb30b-5b97-41b6-b66c-924da5d72fba/reviews,Pesen level 6 tapi di kasih level 1😡 padahal udah ngidam makan pedes,3.0,Mie Iblis Lv 6 - Udang Rambutan - Mie Iblis Lv 1 - Lumpia Udang,Ordered on 6 June 2021,0,Buruk,,
1701446020-2256,https://gofood.co.id/en/surabaya/restaurant/mie-gacoan-genteng-f49fb30b-5b97-41b6-b66c-924da5d72fba/reviews,mantap gk nyesel sumpah,5.0,Mie Iblis Lv 1 - Udang Keju - Lumpia Udang,Ordered on 5 June 2021,1,Baik,,
1701446020-2257,https://gofood.co.id/en/surabaya/restaurant/mie-gacoan-genteng-f49fb30b-5b97-41b6-b66c-924da5d72fba/reviews,"tidak rapi, padahal dlu bli rapi bgt kemasannya, ini blepotan kemana² bumbu & mie nya 🙏🙏",3.0,Mie Iblis Lv 2 - Mie Iblis Lv 1 - Mie Iblis Lv 3,Ordered on 5 June 2021,0,Buruk,,
1701446020-2258,https://gofood.co.id/en/surabaya/restaurant/mie-gacoan-genteng-f49fb30b-5b97-41b6-b66c-924da5d72fba/reviews,"trimakasih pak, aman",5.0,Mie Iblis Lv 1 - Mie Iblis Lv 0 - Mie Iblis Lv 3 - Mie Iblis Lv 4,Ordered on 4 June 2021,1,Baik,,
1701446020-2259,https://gofood.co.id/en/surabaya/restaurant/mie-gacoan-genteng-f49fb30b-5b97-41b6-b66c-924da5d72fba/reviews,"ayamnya mirip koya halus sedikit sekali , taste ke asinan",2.0,Mie Iblis Lv 8 - Mie Iblis Lv 1 - Mie Angel Super - Mie Iblis Lv 3 - Pangsit Goreng - Lumpia Udang - Udang Rambutan,Ordered on 4 June 2021,0,Buruk,,
1701446020-2260,https://gofood.co.id/en/surabaya/restaurant/mie-gacoan-genteng-f49fb30b-5b97-41b6-b66c-924da5d72fba/reviews,rasanya beda beda padahal level sama,4.0,Mie Iblis Lv 4,Ordered on 2 June 2021,5,Buruk,,
1701446020-2261,https://gofood.co.id/en/surabaya/restaurant/mie-gacoan-genteng-f49fb30b-5b97-41b6-b66c-924da5d72fba/reviews,"prosesnya lama, hampir 2 jam nunggunya",2.0,Lumpia Udang - Mie Iblis Lv 4,Ordered on 4 June 2021,0,Buruk,,
1701446020-2262,https://gofood.co.id/en/surabaya/restaurant/mie-gacoan-genteng-f49fb30b-5b97-41b6-b66c-924da5d72fba/reviews,IS THE BEST FOREVER,5.0,Pangsit Goreng - Es Sundel Bolong - Siomay Ayam - Mie Iblis Lv 3,Ordered on 4 June 2021,1,Baik,,
1701446020-2263,https://gofood.co.id/en/surabaya/restaurant/mie-gacoan-genteng-f49fb30b-5b97-41b6-b66c-924da5d72fba/reviews,tidak sesuaiii pesanan teh panas dikasih dingin,1.0,Ice Tea - Siomay Ayam - Udang Keju,Ordered on 4 June 2021,0,Buruk,,
1701446020-2264,https://gofood.co.id/en/surabaya/restaurant/mie-gacoan-genteng-f49fb30b-5b97-41b6-b66c-924da5d72fba/reviews,terlalu lama menunggu,1.0,Mie Iblis Lv 1 - Lumpia Udang - Udang Keju - Mie Iblis Lv 2,Ordered on 3 June 2021,0,Buruk,,
1701446020-2265,https://gofood.co.id/en/surabaya/restaurant/mie-gacoan-genteng-f49fb30b-5b97-41b6-b66c-924da5d72fba/reviews,"keasinann bgt, kecapnya jg ga nyampur, nunggunya jg lama bgt sejam, ga worth it sih",2.0,Mie Iblis Lv 1 - Siomay Ayam - Udang Rambutan,Ordered on 3 June 2021,0,Buruk,,
1701446020-2266,https://gofood.co.id/en/surabaya/restaurant/mie-gacoan-genteng-f49fb30b-5b97-41b6-b66c-924da5d72fba/reviews,minumannya pecah level 1 nya yg 1 kyak level 3,1.0,Thai Green Tea - Udang Keju - Mie Setan LV 1,Ordered on 3 June 2021,0,Buruk,,
1701446020-2267,https://gofood.co.id/en/surabaya/restaurant/mie-gacoan-genteng-f49fb30b-5b97-41b6-b66c-924da5d72fba/reviews,"Rasanya berkurang, masih enak yg kmaren2. Untuk pangsit goreng rasa tetep enak..",4.0,Mie Iblis Lv 3 - Udang Rambutan - Udang Keju - Mie Iblis Lv 1,Ordered on 3 June 2021,0,Buruk,,
1701446020-2268,https://gofood.co.id/en/surabaya/restaurant/mie-gacoan-genteng-f49fb30b-5b97-41b6-b66c-924da5d72fba/reviews,terima kasih sudah d bantu pesananya,5.0,Mie Iblis Lv 6 - Mie Iblis Lv 4 - Thai Green Tea,Ordered on 3 June 2021,1,Baik,,
1701446020-2269,https://gofood.co.id/en/surabaya/restaurant/mie-gacoan-genteng-f49fb30b-5b97-41b6-b66c-924da5d72fba/reviews,gaada sumpitnya 😭,1.0,Udang Keju - Mie Iblis Lv 3 - Mie Iblis Lv 1 - Es Sundel Bolong,Ordered on 3 June 2021,0,Buruk,,
1701446020-2270,https://gofood.co.id/en/surabaya/restaurant/mie-gacoan-genteng-f49fb30b-5b97-41b6-b66c-924da5d72fba/reviews,mungkin untuk kecepatan menyiapkan pesanan nya lebih ditingkatkan lagi,4.0,Udang Keju - Udang Rambutan,Ordered on 2 June 2021,0,Buruk,,
1701446020-2271,https://gofood.co.id/en/surabaya/restaurant/mie-gacoan-genteng-f49fb30b-5b97-41b6-b66c-924da5d72fba/reviews,"kali ini rasanya enak, gak kayak waktu awal2 . kayak mau bau",5.0,Mie Iblis Lv 8 - Mie Iblis Lv 0,Ordered on 2 June 2021,1,Baik,,
1701446020-2272,https://gofood.co.id/en/surabaya/restaurant/mie-gacoan-genteng-f49fb30b-5b97-41b6-b66c-924da5d72fba/reviews,favorit bgt gacoan nya kok 🖤,5.0,Udang Keju - Mie Iblis Lv 1 - Siomay Ayam,Ordered on 1 June 2021,1,Baik,,
1701446020-2273,https://gofood.co.id/en/surabaya/restaurant/mie-gacoan-genteng-f49fb30b-5b97-41b6-b66c-924da5d72fba/reviews,udang kejunya ngga ada kejunya,3.0,Mie Iblis Lv 3 - Udang Keju - Thai Green Tea,Ordered on 31 May 2021,0,Buruk,,
1701446020-2274,https://gofood.co.id/en/surabaya/restaurant/mie-gacoan-genteng-f49fb30b-5b97-41b6-b66c-924da5d72fba/reviews,pedessnyaa mantaapp es nya gk kalah mantapp,5.0,Udang Keju - Mie Iblis Lv 1 - Es Coklat - Thai Green Tea,Ordered on 31 May 2021,1,Baik,,
1701446020-2275,https://gofood.co.id/en/surabaya/restaurant/mie-gacoan-genteng-f49fb30b-5b97-41b6-b66c-924da5d72fba/reviews,"selalu suka sama rasanya, nggak pernah beli mie level sejenisnya lagi sejak ngerasain mie gacoan. semoga segera buka cabang yang banyak supaya gak harus nunggu go food sampai 1,5 jam :(",5.0,Udang Rambutan - Udang Keju - Mie Iblis Lv 1 - Mie Setan LV 1,Ordered on 26 May 2021,1,Baik,,
1701446020-2276,https://gofood.co.id/en/surabaya/restaurant/mie-gacoan-genteng-f49fb30b-5b97-41b6-b66c-924da5d72fba/reviews,terlalu lama menunggu.....,2.0,Udang Rambutan - Mie Setan LV 3 - Mie Setan LV 2 - Es Genderuwo - Mie Angel Super,Ordered on 31 May 2021,0,Buruk,,
1701446020-2277,https://gofood.co.id/en/surabaya/restaurant/mie-gacoan-genteng-f49fb30b-5b97-41b6-b66c-924da5d72fba/reviews,makasih banyak,5.0,Mie Iblis Lv 3,Ordered on 30 May 2021,1,Baik,,
1701446020-2278,https://gofood.co.id/en/surabaya/restaurant/mie-gacoan-genteng-f49fb30b-5b97-41b6-b66c-924da5d72fba/reviews,lumayanlah.. ada harga ada rasa.,4.0,Mie Setan LV 1 - Mie Iblis Lv 1 - Mie Angel Super - Udang Keju,Ordered on 29 May 2021,5,Buruk,,
1701446020-2279,https://gofood.co.id/en/surabaya/restaurant/mie-gacoan-genteng-f49fb30b-5b97-41b6-b66c-924da5d72fba/reviews,Sayang banget sma drivernya .. semua pada nolak buat anterin makanan cuma mas nya aja yg tetep nungguin ❤️❤️❤️,5.0,Mie Iblis Lv 3 - Udang Keju - Mie Angel Super - Thai Tea Ori - Pangsit Goreng,Ordered on 30 May 2021,1,Baik,,
1701446020-2280,https://gofood.co.id/en/surabaya/restaurant/mie-gacoan-genteng-f49fb30b-5b97-41b6-b66c-924da5d72fba/reviews,"Maaf, namun pesanannya salah. Pesannya mi i***s, yang dateng mi s****n",1.0,Mie Iblis Lv 3 - Lumpia Udang - Mie Iblis Lv 4,Ordered on 30 May 2021,0,Buruk,,
1701446020-2281,https://gofood.co.id/en/surabaya/restaurant/mie-gacoan-genteng-f49fb30b-5b97-41b6-b66c-924da5d72fba/reviews,porsi kurang bnyak 😂,5.0,Mie Iblis Lv 3,Ordered on 30 May 2021,0,Buruk,,
1701446020-2282,https://gofood.co.id/en/surabaya/restaurant/mie-gacoan-genteng-f49fb30b-5b97-41b6-b66c-924da5d72fba/reviews,makanan udah oke. tp lama banget lho nunggunya ampe ga pengen makan lagi,4.0,Siomay Ayam - Mie Setan LV 1 - Udang Keju,Ordered on 28 May 2021,0,Buruk,,
1701446020-2283,https://gofood.co.id/en/surabaya/restaurant/mie-gacoan-genteng-f49fb30b-5b97-41b6-b66c-924da5d72fba/reviews,daebak mie iblisnya,5.0,Mie Iblis Lv 1 - Mie Angel Super,Ordered on 30 May 2021,1,Baik,,
1701446020-2284,https://gofood.co.id/en/surabaya/restaurant/mie-gacoan-genteng-f49fb30b-5b97-41b6-b66c-924da5d72fba/reviews,"pedesnya nampol, puas bnget ngidamnya 🤗🤗🤗🤗",5.0,Mie Iblis Lv 8,Ordered on 30 May 2021,1,Baik,,
1701446020-2285,https://gofood.co.id/en/surabaya/restaurant/mie-gacoan-genteng-f49fb30b-5b97-41b6-b66c-924da5d72fba/reviews,terlalu lama melayani customer nya,1.0,Mie Angel Super,Ordered on 23 May 2021,0,Buruk,,
1701446020-2286,https://gofood.co.id/en/surabaya/restaurant/mie-gacoan-genteng-f49fb30b-5b97-41b6-b66c-924da5d72fba/reviews,"tidak bisa menuruti selerah customer, sudah saya tulis untuk minumannya tidak pakai es masih tetap masih di kasih es malah esnya banyak banget 👿😈",1.0,Es Genderuwo - Mie Iblis Lv 0 - Mie Setan LV 3,Ordered on 29 May 2021,0,Buruk,,
1701446020-2287,https://gofood.co.id/en/surabaya/restaurant/mie-gacoan-genteng-f49fb30b-5b97-41b6-b66c-924da5d72fba/reviews,Kurang lengkap kayak MIE kober,1.0,Mie Setan LV 4 - Siomay Ayam - Mie Setan LV 6,Ordered on 27 May 2021,0,Buruk,,
1701446020-2288,https://gofood.co.id/en/surabaya/restaurant/mie-gacoan-genteng-f49fb30b-5b97-41b6-b66c-924da5d72fba/reviews,"ga ada sumpitnya, ini apakah benar sesuai lvl 1 beneran lvl 1?",4.0,Mie Iblis Lv 1 - Mie Iblis Lv 3 - Udang Keju,Ordered on 29 May 2021,0,Buruk,,
1701446020-2289,https://gofood.co.id/en/surabaya/restaurant/mie-gacoan-genteng-f49fb30b-5b97-41b6-b66c-924da5d72fba/reviews,"semuanya asin pol menurut saya, maaf ya",2.0,Udang Rambutan - Udang Keju - Siomay Ayam - Lumpia Udang - Thai Green Tea,Ordered on 29 May 2021,0,Buruk,,
1701446020-2290,https://gofood.co.id/en/surabaya/restaurant/mie-gacoan-genteng-f49fb30b-5b97-41b6-b66c-924da5d72fba/reviews,Terlalu lama dan kurang bersih kemasannya berantakan,3.0,Udang Keju - Mie Angel Super,Ordered on 29 May 2021,0,Buruk,,
1701446020-2291,https://gofood.co.id/en/surabaya/restaurant/mie-gacoan-genteng-f49fb30b-5b97-41b6-b66c-924da5d72fba/reviews,Minyak buat goreng somay nya agak,4.0,Mie Iblis Lv 0 - Mie Setan LV 3 - Mie Angel Super - Pangsit Goreng,Ordered on 27 May 2021,0,Buruk,,
1701446020-2292,https://gofood.co.id/en/surabaya/restaurant/mie-gacoan-genteng-f49fb30b-5b97-41b6-b66c-924da5d72fba/reviews,terimakasih #GOJEKTERUS,5.0,Mie Iblis Lv 1 - Siomay Ayam,Ordered on 28 May 2021,1,Baik,,
1701446020-2293,https://gofood.co.id/en/surabaya/restaurant/mie-gacoan-genteng-f49fb30b-5b97-41b6-b66c-924da5d72fba/reviews,pelayanan kurang cepat,3.0,Udang Keju - Mie Iblis Lv 3 - Mie Iblis Lv 1 - Mie Iblis Lv 2 - Pangsit Goreng - Udang Rambutan,Ordered on 20 May 2021,0,Buruk,,
1701446020-2294,https://gofood.co.id/en/surabaya/restaurant/mie-gacoan-genteng-f49fb30b-5b97-41b6-b66c-924da5d72fba/reviews,makasi banya mas,5.0,Mie Angel Super - Udang Keju,Ordered on 27 May 2021,1,Baik,,
1701446020-2295,https://gofood.co.id/en/surabaya/restaurant/mie-gacoan-genteng-f49fb30b-5b97-41b6-b66c-924da5d72fba/reviews,lama sekali nunggunya,3.0,Mie Iblis Lv 3,Ordered on 27 May 2021,0,Buruk,,
1701446020-2296,https://gofood.co.id/en/surabaya/restaurant/mie-gacoan-genteng-f49fb30b-5b97-41b6-b66c-924da5d72fba/reviews,lebih dipercepat lagi proses masaknya dan layanannya,5.0,Mie Iblis Lv 1 - Mie Angel Super - Siomay Ayam,Ordered on 27 May 2021,0,Buruk,,
1701446020-2297,https://gofood.co.id/en/surabaya/restaurant/mie-gacoan-genteng-f49fb30b-5b97-41b6-b66c-924da5d72fba/reviews,i waited for 2 hours 🙃,1.0,Udang Keju - Mie Iblis Lv 1 - Mie Iblis Lv 4,Ordered on 27 May 2021,0,Buruk,,
1701446020-2298,https://gofood.co.id/en/surabaya/restaurant/mie-gacoan-genteng-f49fb30b-5b97-41b6-b66c-924da5d72fba/reviews,wenak pwolll mienya hehe,5.0,Mie Iblis Lv 3 - Mie Iblis Lv 1,Ordered on 24 May 2021,1,Baik,,
1701446020-2299,https://gofood.co.id/en/surabaya/restaurant/mie-gacoan-genteng-f49fb30b-5b97-41b6-b66c-924da5d72fba/reviews,"mantep bgtttttt, ter the best pokoknyaaa",5.0,Lumpia Udang - Udang Rambutan - Thai Green Tea - Mie Iblis Lv 4,Ordered on 23 May 2021,1,Baik,,
1701446020-2300,https://gofood.co.id/en/surabaya/restaurant/mie-gacoan-genteng-f49fb30b-5b97-41b6-b66c-924da5d72fba/reviews,Antri lama sekali. 2jam lebih. Padahal udah mau tutup. Banyak pelayanan yang mengecewakan,1.0,Siomay Ayam - Udang Keju - Udang Rambutan,Ordered on 17 May 2021,0,Buruk,,
1701446020-2301,https://gofood.co.id/en/surabaya/restaurant/mie-gacoan-genteng-f49fb30b-5b97-41b6-b66c-924da5d72fba/reviews,"lebih dijaga kebersihannya ya kak, makasih 😉",5.0,Siomay Ayam - Udang Rambutan - Mie Iblis Lv 3,Ordered on 21 May 2021,0,Buruk,,
1701446020-2302,https://gofood.co.id/en/surabaya/restaurant/mie-gacoan-genteng-f49fb30b-5b97-41b6-b66c-924da5d72fba/reviews,jossss pedes nya.... rasanya juga mantab. porsi lumayan dengan harga yang murah. kemasan bersih dan hiegienis. recoment,5.0,Mie Iblis Lv 3 - Mie Setan LV 1 - Mie Setan LV 2 - Udang Rambutan - Es Genderuwo - Mie Iblis Lv 4 - Es Coklat,Ordered on 24 May 2021,1,Baik,,
1701446020-2303,https://gofood.co.id/en/surabaya/restaurant/mie-gacoan-genteng-f49fb30b-5b97-41b6-b66c-924da5d72fba/reviews,Pegawaimu itu berapa min ? Mohon maaf ya aku pesen tadi jam 14.57 smpe ketempat jam 16.10 1jam lebih dan makanannya udah garing gitu . Tolong lah yg serius gitu,1.0,Mie Iblis Lv 4,Ordered on 24 May 2021,0,Buruk,,
1701446020-2304,https://gofood.co.id/en/surabaya/restaurant/mie-gacoan-genteng-f49fb30b-5b97-41b6-b66c-924da5d72fba/reviews,Sambal basi jd mie tdk layak konsumsi. Pangsit ayam seperti sisa kemarin yg di hangatkan kembali. TIDAK FRESH,2.0,Mie Iblis Lv 3 - Siomay Ayam - Udang Rambutan - Mie Iblis Lv 0 - Pangsit Goreng - Lumpia Udang - Mie Iblis Lv 4,Ordered on 24 May 2021,0,Buruk,,
1701446020-2305,https://gofood.co.id/en/surabaya/restaurant/mie-gacoan-genteng-f49fb30b-5b97-41b6-b66c-924da5d72fba/reviews,"dikemasan tdk ada info level2nya,jd bingung",4.0,Udang Rambutan - Mie Iblis Lv 3 - Mie Setan LV 3 - Mie Iblis Lv 0 - Lumpia Udang - Mie Setan LV 1,Ordered on 23 May 2021,0,Buruk,,
1701446020-2306,https://gofood.co.id/en/surabaya/restaurant/mie-gacoan-genteng-f49fb30b-5b97-41b6-b66c-924da5d72fba/reviews,minyaknya dikurangi ya kak,5.0,Siomay Ayam - Mie Setan LV 2,Ordered on 23 May 2021,0,Buruk,,
1701446020-2307,https://gofood.co.id/en/surabaya/restaurant/mie-gacoan-genteng-f49fb30b-5b97-41b6-b66c-924da5d72fba/reviews,kelamaan untuk order mie.kurang prepare dan timing pemasakannya,3.0,Mie Iblis Lv 3 - Udang Keju,Ordered on 23 May 2021,0,Buruk,,
1701446020-2308,https://gofood.co.id/en/surabaya/restaurant/mie-gacoan-genteng-f49fb30b-5b97-41b6-b66c-924da5d72fba/reviews,"kecepatan penyiapan makanannya kurang sekali.. sangat lama,, menunggu sampai kurang lebih 1 setengah jam baru selesai. tolong untuk dipercepat lagi terima kasih",2.0,Mie Iblis Lv 8 - Siomay Ayam - Udang Keju - Es Genderuwo - Mie Iblis Lv 6,Ordered on 21 May 2021,0,Buruk,,
1701446020-2309,https://gofood.co.id/en/surabaya/restaurant/mie-gacoan-genteng-f49fb30b-5b97-41b6-b66c-924da5d72fba/reviews,okkkkkkkkkkkkkkkkkk,5.0,Mie Setan LV 3 - Mie Iblis Lv 3 - Mie Iblis Lv 4,Ordered on 30 March 2021,1,Baik,,
1701446020-2310,https://gofood.co.id/en/surabaya/restaurant/mie-gacoan-genteng-f49fb30b-5b97-41b6-b66c-924da5d72fba/reviews,mantap banget dan pasti bakalan order lagi,5.0,Udang Rambutan - Lumpia Udang - Mie Iblis Lv 1 - Siomay Ayam,Ordered on 1 May 2021,1,Baik,,
1701446020-2311,https://gofood.co.id/en/surabaya/restaurant/mie-gacoan-genteng-f49fb30b-5b97-41b6-b66c-924da5d72fba/reviews,enak tapi kecapnya kebanyakan kemarin,4.0,Mie Iblis Lv 2 - Mie Iblis Lv 0 - Es Genderuwo - Udang Keju - Udang Rambutan,Ordered on 21 May 2021,0,Buruk,,
1701446020-2312,https://gofood.co.id/en/surabaya/restaurant/mie-gacoan-genteng-f49fb30b-5b97-41b6-b66c-924da5d72fba/reviews,chef nya amatir lama amat,5.0,Udang Rambutan - Siomay Ayam - Mie Iblis Lv 4 - Mie Iblis Lv 6,Ordered on 22 May 2021,0,Buruk,,
1701446020-2313,https://gofood.co.id/en/surabaya/restaurant/mie-gacoan-genteng-f49fb30b-5b97-41b6-b66c-924da5d72fba/reviews,Terlalu lama masaknya,4.0,Siomay Ayam - Mie Iblis Lv 1 - Mie Iblis Lv 3,Ordered on 22 May 2021,0,Buruk,,
1701446020-2314,https://gofood.co.id/en/surabaya/restaurant/mie-gacoan-genteng-f49fb30b-5b97-41b6-b66c-924da5d72fba/reviews,pelayanannya lebih diperbaiki lagi ya,4.0,Udang Rambutan - Siomay Ayam - Lumpia Udang - Mie Iblis Lv 3,Ordered on 21 May 2021,0,Buruk,,
1701446020-2315,https://gofood.co.id/en/surabaya/restaurant/mie-gacoan-genteng-f49fb30b-5b97-41b6-b66c-924da5d72fba/reviews,Rasa Nya Gk Enak Udang Rambut nya,2.0,Udang Rambutan - Mie Iblis Lv 3,Ordered on 20 May 2021,0,Buruk,,
1701446020-2316,https://gofood.co.id/en/surabaya/restaurant/mie-gacoan-genteng-f49fb30b-5b97-41b6-b66c-924da5d72fba/reviews,LAMA BGT!! Harusnya pihak resto ksih estimasi waktu. Kasian drivernya euy,1.0,Udang Keju - Mie Iblis Lv 3 - Thai Green Tea,Ordered on 21 May 2021,0,Buruk,,
1701446020-2317,https://gofood.co.id/en/surabaya/restaurant/mie-gacoan-genteng-f49fb30b-5b97-41b6-b66c-924da5d72fba/reviews,kasian supir gojeknya lama nunggu,3.0,Udang Keju - Mie Iblis Lv 2,Ordered on 21 May 2021,0,Buruk,,
1701446020-2318,https://gofood.co.id/en/surabaya/restaurant/mie-gacoan-genteng-f49fb30b-5b97-41b6-b66c-924da5d72fba/reviews,enak banget cuma lama bangetttttt tolong ditambah cabangnya kalo bisa wkwk,5.0,Pangsit Goreng - Mie Setan LV 6,Ordered on 20 May 2021,1,Baik,,
1701446020-2319,https://gofood.co.id/en/surabaya/restaurant/mie-gacoan-genteng-f49fb30b-5b97-41b6-b66c-924da5d72fba/reviews,gak ada kekurangan  pas semua,4.0,Mie Angel Super - Mie Iblis Lv 4 - Es Coklat,Ordered on 20 May 2021,1,Baik,,
1701446020-2320,https://gofood.co.id/en/surabaya/restaurant/mie-gacoan-genteng-f49fb30b-5b97-41b6-b66c-924da5d72fba/reviews,pelayanan lama. antri sampai 2 jam busyeeeetttt,5.0,Siomay Ayam - Lumpia Udang - Mie Iblis Lv 3 - Mie Iblis Lv 0,Ordered on 17 May 2021,0,Buruk,,
1701446020-2321,https://gofood.co.id/en/surabaya/restaurant/mie-gacoan-genteng-f49fb30b-5b97-41b6-b66c-924da5d72fba/reviews,"pelayanan lama, tolong diperbaiki tingkat selesainya orderan, biasanya 30 menit kemarin 2 jam",3.0,Udang Rambutan - Mie Iblis Lv 1 - Mie Iblis Lv 2 - Thai Green Tea - Mie Iblis Lv 6 - Es Tuyul,Ordered on 17 May 2021,0,Buruk,,
1701446020-2322,https://gofood.co.id/en/surabaya/restaurant/mie-gacoan-genteng-f49fb30b-5b97-41b6-b66c-924da5d72fba/reviews,"tolong diperhatikan takaran cabenya, masa pesen mie level sama jenis sama malah satu lbh pedes dr yg satunya",4.0,Udang Keju - Mie Iblis Lv 1 - Es Tuyul,Ordered on 18 May 2021,0,Buruk,,
1701446020-2323,https://gofood.co.id/en/surabaya/restaurant/mie-gacoan-genteng-f49fb30b-5b97-41b6-b66c-924da5d72fba/reviews,lain kali klo mau dikasi ke ojol menunya dicek lagii. semoga cm saya yg dapet salah menu,3.0,Udang Keju - Mie Iblis Lv 4 - Siomay Ayam,Ordered on 19 May 2021,0,Buruk,,
1701446020-2324,https://gofood.co.id/en/surabaya/restaurant/mie-gacoan-genteng-f49fb30b-5b97-41b6-b66c-924da5d72fba/reviews,hiks enak si cm lamaaa antrinya,5.0,Es Tuyul - Udang Rambutan - Udang Keju - Mie Iblis Lv 3 - Mie Angel Super - Mie Setan LV 2,Ordered on 19 May 2021,1,Baik,,
1701446020-2325,https://gofood.co.id/en/surabaya/restaurant/mie-gacoan-genteng-f49fb30b-5b97-41b6-b66c-924da5d72fba/reviews,"rasanya enak, thank you",5.0,Mie Iblis Lv 3,Ordered on 24 March 2021,1,Baik,,
1701446020-2326,https://gofood.co.id/en/surabaya/restaurant/mie-gacoan-genteng-f49fb30b-5b97-41b6-b66c-924da5d72fba/reviews,pedesnya nampolll,5.0,Mie Iblis Lv 3 - Mie Iblis Lv 1,Ordered on 8 May 2021,1,Baik,,
1701446020-2327,https://gofood.co.id/en/surabaya/restaurant/mie-gacoan-genteng-f49fb30b-5b97-41b6-b66c-924da5d72fba/reviews,rasanya kurang mantap,1.0,Udang Rambutan - Mie Setan LV 2 - Mie Iblis Lv 4 - Siomay Ayam - Pangsit Goreng - Udang Keju,Ordered on 18 May 2021,0,Buruk,,
1701446020-2328,https://gofood.co.id/en/surabaya/restaurant/mie-gacoan-genteng-f49fb30b-5b97-41b6-b66c-924da5d72fba/reviews,"diskon dong,hehe",4.0,Mie Setan LV 2 - Udang Rambutan - Mie Iblis Lv 2,Ordered on 18 May 2021,5,Buruk,,
1701446020-2329,https://gofood.co.id/en/surabaya/restaurant/mie-gacoan-genteng-f49fb30b-5b97-41b6-b66c-924da5d72fba/reviews,udah gak hangat.,1.0,Mie Iblis Lv 0 - Mie Iblis Lv 1 - Mie Iblis Lv 2 - Mie Iblis Lv 3,Ordered on 16 May 2021,0,Buruk,,
1701446020-2330,https://gofood.co.id/en/surabaya/restaurant/mie-gacoan-genteng-f49fb30b-5b97-41b6-b66c-924da5d72fba/reviews,"enak, cuman mie.nya kurang matang sedikit",5.0,Udang Rambutan - Mie Iblis Lv 3 - Lumpia Udang,Ordered on 18 May 2021,1,Baik,,
1701446020-2331,https://gofood.co.id/en/surabaya/restaurant/mie-gacoan-genteng-f49fb30b-5b97-41b6-b66c-924da5d72fba/reviews,meskipun banyak orderan rasa tetep enakkk😍,5.0,Udang Keju - Mie Iblis Lv 2,Ordered on 18 May 2021,1,Baik,,
1701446020-2332,https://gofood.co.id/en/surabaya/restaurant/mie-gacoan-genteng-f49fb30b-5b97-41b6-b66c-924da5d72fba/reviews,lama pelayanan nya,1.0,Mie Iblis Lv 3 - Udang Rambutan,Ordered on 18 May 2021,0,Buruk,,
1701446020-2333,https://gofood.co.id/en/surabaya/restaurant/mie-gacoan-genteng-f49fb30b-5b97-41b6-b66c-924da5d72fba/reviews,lama banget pesanan nya,5.0,Pangsit Goreng - Mie Iblis Lv 1 - Mie Iblis Lv 3 - Siomay Ayam - Lumpia Udang - Es Coklat,Ordered on 15 May 2021,0,Buruk,,
1701446020-2334,https://gofood.co.id/en/surabaya/restaurant/mie-gacoan-genteng-f49fb30b-5b97-41b6-b66c-924da5d72fba/reviews,semoga rame terus 🔥,5.0,Udang Rambutan - Mie Iblis Lv 3,Ordered on 18 May 2021,1,Baik,,
1701446020-2335,https://gofood.co.id/en/surabaya/restaurant/mie-gacoan-genteng-f49fb30b-5b97-41b6-b66c-924da5d72fba/reviews,"terlalu lama boskuuu, bcs kasian drivernya",2.0,Mie Iblis Lv 3 - Mie Iblis Lv 1,Ordered on 15 May 2021,0,Buruk,,
1701446020-2336,https://gofood.co.id/en/surabaya/restaurant/mie-gacoan-genteng-f49fb30b-5b97-41b6-b66c-924da5d72fba/reviews,pelayanan sangat lama,1.0,Siomay Ayam - Lumpia Udang - Mie Angel Super - Mie Iblis Lv 3 - Mie Iblis Lv 1,Ordered on 14 May 2021,0,Buruk,,
1701446020-2337,https://gofood.co.id/en/surabaya/restaurant/mie-gacoan-genteng-f49fb30b-5b97-41b6-b66c-924da5d72fba/reviews,"rasanya ok semua, saran lbh cepat lg dlm menyiapkan makanan agar tdk terlalu lama menunggu 🙏🙏",5.0,Mie Iblis Lv 2 - Mie Iblis Lv 3 - Udang Keju,Ordered on 18 May 2021,1,Baik,,
1701446020-2338,https://gofood.co.id/en/surabaya/restaurant/mie-gacoan-genteng-f49fb30b-5b97-41b6-b66c-924da5d72fba/reviews,"Seharusnya semakin hari harus ada kemajuan untuk mengatasi antrian order. Terlebih lagi dengan ketelitian dalam menyajikan makanan. Kelengkapan peralatan makan perlu diperhatikan kembali. Untuk mie 1 dan siomay 1, saya harus menunggu 1.5 jam. Ditunggu kemajuannya, semoga sukses.",2.0,Siomay Ayam - Mie Setan LV 8,Ordered on 18 May 2021,0,Buruk,,
1701446020-2339,https://gofood.co.id/en/surabaya/restaurant/mie-gacoan-genteng-f49fb30b-5b97-41b6-b66c-924da5d72fba/reviews,"makanannya oke, pelayanannya yg kurang. driver nunggu sampe 2 jam kan kasian😣",3.0,Mie Angel Super - Siomay Ayam - Lumpia Udang - Mie Iblis Lv 8 - Mie Setan LV 3,Ordered on 18 May 2021,0,Buruk,,
1701446020-2340,https://gofood.co.id/en/surabaya/restaurant/mie-gacoan-genteng-f49fb30b-5b97-41b6-b66c-924da5d72fba/reviews,tolong pesanan untuk gojek d ksih kasir sndri . sama kasir yg makan d tempat . kasih an tukang gojek nya nunggu nya lama pol . dan org yg nunggu pesanan juga lama Poll .,2.0,Mie Iblis Lv 3 - Mie Setan LV 3 - Udang Keju,Ordered on 8 April 2021,0,Buruk,,
1701446020-2341,https://gofood.co.id/en/surabaya/restaurant/mie-gacoan-genteng-f49fb30b-5b97-41b6-b66c-924da5d72fba/reviews,"gacoan mie pedes ter dabest dahhh, saran untuk kemasan ditingkatkan jd kyk mie sebelah hehe",5.0,Udang Rambutan - Mie Iblis Lv 3 - Mie Iblis Lv 4,Ordered on 17 May 2021,1,Baik,,
1701446020-2342,https://gofood.co.id/en/surabaya/restaurant/mie-gacoan-genteng-f49fb30b-5b97-41b6-b66c-924da5d72fba/reviews,proses lama. butuh waktu 2jam,1.0,Mie Iblis Lv 0 - Mie Iblis Lv 4,Ordered on 17 May 2021,0,Buruk,,
1701446020-2343,https://gofood.co.id/en/surabaya/restaurant/mie-gacoan-genteng-f49fb30b-5b97-41b6-b66c-924da5d72fba/reviews,kelamaan pelayanan nya👎,3.0,Mie Iblis Lv 1 - Udang Keju - Udang Rambutan,Ordered on 16 May 2021,0,Buruk,,
1701446020-2344,https://gofood.co.id/en/surabaya/restaurant/mie-gacoan-genteng-f49fb30b-5b97-41b6-b66c-924da5d72fba/reviews,terimakasih banyak makananya,5.0,Mie Iblis Lv 3 - Mie Iblis Lv 2 - Mie Setan LV 1 - Udang Rambutan - Udang Keju,Ordered on 15 May 2021,1,Baik,,
1701446020-2345,https://gofood.co.id/en/surabaya/restaurant/mie-gacoan-genteng-f49fb30b-5b97-41b6-b66c-924da5d72fba/reviews,wasting time. pesen jam 11 bru kelar stengah 2. mantap,3.0,Udang Keju - Mie Iblis Lv 1,Ordered on 17 May 2021,0,Buruk,,
1701446020-2346,https://gofood.co.id/en/surabaya/restaurant/mie-gacoan-genteng-f49fb30b-5b97-41b6-b66c-924da5d72fba/reviews,tidak pernah mengecewakan👍👍👍👍👍👍,5.0,Mie Iblis Lv 3 - Lumpia Udang - Thai Tea Ori,Ordered on 16 May 2021,1,Baik,,
1701446020-2347,https://gofood.co.id/en/surabaya/restaurant/mie-gacoan-genteng-f49fb30b-5b97-41b6-b66c-924da5d72fba/reviews,"barang yang di terima, tidak sesuai dengan pesanan",1.0,Mie Iblis Lv 3 - Mie Angel Super - Siomay Ayam,Ordered on 16 May 2021,0,Buruk,,
1701446020-2348,https://gofood.co.id/en/surabaya/restaurant/mie-gacoan-genteng-f49fb30b-5b97-41b6-b66c-924da5d72fba/reviews,"pliss, hari ini ada promo apa sih. kok sampai antrinya 2 jam lebih. sampai ganti driver 6x 😭😭 mo cancel juga gak bisa. kesian drivernya 😭",5.0,Udang Rambutan - Udang Keju,Ordered on 16 May 2021,0,Buruk,,
1701446020-2349,https://gofood.co.id/en/surabaya/restaurant/mie-gacoan-genteng-f49fb30b-5b97-41b6-b66c-924da5d72fba/reviews,pelayanan lama sekali,2.0,Udang Rambutan - Udang Keju - Mie Iblis Lv 3,Ordered on 16 May 2021,0,Buruk,,
1701446020-2350,https://gofood.co.id/en/surabaya/restaurant/mie-gacoan-genteng-f49fb30b-5b97-41b6-b66c-924da5d72fba/reviews,"lama banget pelayanannya, saya mesti nunggu 2 jam sampai makanan saya datang, kemasan skrg pake styrofoam tanpa di alasi apapun",1.0,Mie Iblis Lv 2 - Mie Setan LV 8,Ordered on 16 May 2021,0,Buruk,,
1701446020-2351,https://gofood.co.id/en/surabaya/restaurant/mie-gacoan-genteng-f49fb30b-5b97-41b6-b66c-924da5d72fba/reviews,mantabb lah pokok nyaa..🥰,5.0,Mie Iblis Lv 1 - Udang Rambutan - Udang Keju,Ordered on 16 May 2021,1,Baik,,
1701446020-2352,https://gofood.co.id/en/surabaya/restaurant/mie-gacoan-genteng-f49fb30b-5b97-41b6-b66c-924da5d72fba/reviews,bapaknya pengantarnya pengertian banget. semoga banyak rezekinya,5.0,Mie Iblis Lv 3,Ordered on 16 May 2021,5,Buruk,,
1701446020-2353,https://gofood.co.id/en/surabaya/restaurant/mie-gacoan-genteng-f49fb30b-5b97-41b6-b66c-924da5d72fba/reviews,saya pesen 2 level sudah di bedakan tapi salah akhir nya salah makan kepedesen,3.0,Mie Iblis Lv 1 - Mie Iblis Lv 3,Ordered on 15 May 2021,0,Buruk,,
1701446020-2354,https://gofood.co.id/en/surabaya/restaurant/mie-gacoan-genteng-f49fb30b-5b97-41b6-b66c-924da5d72fba/reviews,"sekarang rasanya gak enakpun, gak seperti awal buka dulu",3.0,Udang Rambutan - Udang Keju - Mie Iblis Lv 3,Ordered on 12 May 2021,0,Buruk,,
1701446020-2355,https://gofood.co.id/en/surabaya/restaurant/mie-gacoan-genteng-f49fb30b-5b97-41b6-b66c-924da5d72fba/reviews,jika mau mengemas menu yg sudah di pesan customer. seharusnya di cek lagi. masak kemarin saya pesan udang rambutan 3 porsi. yg 2 porsi isinya lengkap 3 biji. yg 1 porsinya lagi hanya isi 2 biji. Tolong untuk pelayanan harus di teliti lagi. biar pelanggan tidak kecewa,1.0,Mie Iblis Lv 3 - Pangsit Goreng - Mie Iblis Lv 1 - Mie Iblis Lv 2 - Udang Rambutan,Ordered on 14 May 2021,0,Buruk,,
1701446020-2356,https://gofood.co.id/en/surabaya/restaurant/mie-gacoan-genteng-f49fb30b-5b97-41b6-b66c-924da5d72fba/reviews,byk bgt minyaknya,3.0,Mie Angel Super - Lumpia Udang - Thai Tea Ori,Ordered on 15 May 2021,0,Buruk,,
1701446020-2357,https://gofood.co.id/en/surabaya/restaurant/mie-gacoan-genteng-f49fb30b-5b97-41b6-b66c-924da5d72fba/reviews,"tmpt streofom,saos tumpah d dimsum,rasa biasa aja maaf ya ini bs d jadikan acuan untuk LBH baik LG,,trus Trang sy kecewa",1.0,Udang Rambutan - Mie Iblis Lv 6 - Mie Iblis Lv 1,Ordered on 15 May 2021,0,Buruk,,
1701446020-2358,https://gofood.co.id/en/surabaya/restaurant/mie-gacoan-genteng-f49fb30b-5b97-41b6-b66c-924da5d72fba/reviews,"selalu langganan disini, the best mie pedes pokoknya. Terima kasih",5.0,Udang Rambutan - Udang Keju - Pangsit Goreng - Mie Iblis Lv 4 - Mie Iblis Lv 1 - Mie Iblis Lv 2,Ordered on 15 May 2021,1,Baik,,
1701446020-2359,https://gofood.co.id/en/surabaya/restaurant/mie-gacoan-genteng-f49fb30b-5b97-41b6-b66c-924da5d72fba/reviews,"mantul, pokoknya enaaaaaaakkkkkk",4.0,Mie Iblis Lv 0 - Lumpia Udang - Siomay Ayam,Ordered on 14 May 2021,1,Baik,,
1701446020-2360,https://gofood.co.id/en/surabaya/restaurant/mie-gacoan-genteng-f49fb30b-5b97-41b6-b66c-924da5d72fba/reviews,"Terima kasih kepada para staff mie gacoan. Saya sangat senang pesan mie disini. Sekali lagi, terima kasih telah menyajikan makanan kesukaan saya",5.0,Mie Iblis Lv 3,Ordered on 14 May 2021,1,Baik,,
1701446020-2361,https://gofood.co.id/en/surabaya/restaurant/mie-gacoan-genteng-f49fb30b-5b97-41b6-b66c-924da5d72fba/reviews,sblm kasih orderan k driver tlong d cek dlu ya..order level 8 dapatnya level 6😒,4.0,Udang Rambutan - Mie Iblis Lv 8,Ordered on 14 May 2021,0,Buruk,,
1701446020-2362,https://gofood.co.id/en/surabaya/restaurant/mie-gacoan-genteng-f49fb30b-5b97-41b6-b66c-924da5d72fba/reviews,"saya pesan udang keju, kenapa tahu",1.0,Udang Rambutan - Udang Keju - Mie Iblis Lv 4 - Mie Iblis Lv 2,Ordered on 13 May 2021,0,Buruk,,
1701446020-2363,https://gofood.co.id/en/surabaya/restaurant/mie-gacoan-genteng-f49fb30b-5b97-41b6-b66c-924da5d72fba/reviews,wenaaakkkk polll,5.0,Lumpia Udang - Mie Iblis Lv 4 - Mie Iblis Lv 3 - Mie Iblis Lv 8 - Ceker Ayam - Siomay Ayam - Udang Rambutan - Mie Iblis Lv 1,Ordered on 11 May 2021,1,Baik,,
1701446020-2364,https://gofood.co.id/en/surabaya/restaurant/mie-gacoan-genteng-f49fb30b-5b97-41b6-b66c-924da5d72fba/reviews,Terima kasih makanannyaaa!<3,5.0,Udang Rambutan - Lumpia Udang - Mie Setan LV 6 - Udang Keju - Mie Iblis Lv 3 - Mie Setan LV 3 - Pangsit Goreng,Ordered on 11 May 2021,1,Baik,,
1701446020-2365,https://gofood.co.id/en/surabaya/restaurant/mie-gacoan-genteng-f49fb30b-5b97-41b6-b66c-924da5d72fba/reviews,pesen level 3 di kasih level 12,3.0,Mie Angel Super - Mie Iblis Lv 3,Ordered on 10 May 2021,0,Buruk,,
1701446020-2366,https://gofood.co.id/en/surabaya/restaurant/mie-gacoan-genteng-f49fb30b-5b97-41b6-b66c-924da5d72fba/reviews,makasi buat mie gacoan sma kurirnya,5.0,Udang Rambutan - Udang Keju - Siomay Ayam - Mie Iblis Lv 1,Ordered on 10 May 2021,1,Baik,,
1701446020-2367,https://gofood.co.id/en/surabaya/restaurant/mie-gacoan-genteng-f49fb30b-5b97-41b6-b66c-924da5d72fba/reviews,"mesen nya jam setengah 5 sore, sampai di lokasi jam setengah 6 sore, tapi enaknya makanannya masih fresh",5.0,Pangsit Goreng - Mie Iblis Lv 4,Ordered on 10 May 2021,1,Baik,,
1701446020-2368,https://gofood.co.id/en/surabaya/restaurant/mie-gacoan-genteng-f49fb30b-5b97-41b6-b66c-924da5d72fba/reviews,nunggu lamaa masih kenak cas lagi sama drivernya,1.0,Udang Rambutan - Mie Iblis Lv 4,Ordered on 7 May 2021,0,Buruk,,
1701446020-2369,https://gofood.co.id/en/surabaya/restaurant/mie-gacoan-genteng-f49fb30b-5b97-41b6-b66c-924da5d72fba/reviews,mantapp... sangat pedas dan enak...,5.0,Udang Keju - Udang Rambutan - Thai Green Tea - Mie Iblis Lv 8 - Mie Iblis Lv 0,Ordered on 8 May 2021,1,Baik,,
1701446020-2370,https://gofood.co.id/en/surabaya/restaurant/mie-gacoan-genteng-f49fb30b-5b97-41b6-b66c-924da5d72fba/reviews,puuuedes puuoolllllll,5.0,Mie Iblis Lv 1,Ordered on 8 May 2021,1,Baik,,
1701446020-2371,https://gofood.co.id/en/surabaya/restaurant/mie-gacoan-genteng-f49fb30b-5b97-41b6-b66c-924da5d72fba/reviews,enaaaaaaaak buaaanget... mantaaap....,5.0,Mie Setan LV 2 - Mie Setan LV 3 - Orange,Ordered on 8 May 2021,1,Baik,,
1701446020-2372,https://gofood.co.id/en/surabaya/restaurant/mie-gacoan-genteng-f49fb30b-5b97-41b6-b66c-924da5d72fba/reviews,"mienya kurang sedap ..hnya rasa pedas saja yg menonjol,.mie nya rasa kecap tidak ada kesedapanya",3.0,Mie Iblis Lv 8 - Siomay Ayam - Pangsit Goreng - Lumpia Udang - Es Coklat,Ordered on 7 May 2021,0,Buruk,,
1701446020-2373,https://gofood.co.id/en/surabaya/restaurant/mie-gacoan-genteng-f49fb30b-5b97-41b6-b66c-924da5d72fba/reviews,untuk porsinya mie nya terlalu banyak sih dan kurang asin,3.0,Siomay Ayam - Udang Rambutan - Mie Iblis Lv 8,Ordered on 8 May 2021,0,Buruk,,
1701446020-2374,https://gofood.co.id/en/surabaya/restaurant/mie-gacoan-genteng-f49fb30b-5b97-41b6-b66c-924da5d72fba/reviews,mantap sekali bkin ketagihan,5.0,Mie Iblis Lv 3 - Pangsit Goreng,Ordered on 7 May 2021,1,Baik,,
1701446020-2375,https://gofood.co.id/en/surabaya/restaurant/mie-gacoan-genteng-f49fb30b-5b97-41b6-b66c-924da5d72fba/reviews,"kemasan kurang rapi , kalau bisa jangan sterofoam. balik kayak dulu..sperti kotak kardus kue dan ada loginya.",4.0,Mie Iblis Lv 3,Ordered on 7 May 2021,0,Buruk,,
1701446020-2376,https://gofood.co.id/en/surabaya/restaurant/mie-gacoan-genteng-f49fb30b-5b97-41b6-b66c-924da5d72fba/reviews,mie nya kayak udah basi,2.0,Udang Keju - Udang Rambutan - Pangsit Goreng - Mie Iblis Lv 4,Ordered on 7 May 2021,0,Buruk,,
1701446020-2377,https://gofood.co.id/en/surabaya/restaurant/mie-gacoan-genteng-f49fb30b-5b97-41b6-b66c-924da5d72fba/reviews,ENAK TAPI NYIKSAAAA HAHAHA,5.0,Mie Iblis Lv 3,Ordered on 6 May 2021,1,Baik,,
1701446020-2378,https://gofood.co.id/en/surabaya/restaurant/mie-gacoan-genteng-f49fb30b-5b97-41b6-b66c-924da5d72fba/reviews,Antri nya lama banget kasihan bapak gojeknya:(,4.0,Udang Rambutan - Udang Keju - Mie Iblis Lv 2,Ordered on 3 May 2021,0,Buruk,,
1701446020-2379,https://gofood.co.id/en/surabaya/restaurant/mie-gacoan-genteng-f49fb30b-5b97-41b6-b66c-924da5d72fba/reviews,suka deh sama restoran ini❣️,5.0,Mie Iblis Lv 3 - Thai Tea Ori,Ordered on 3 May 2021,1,Baik,,
1701446020-2380,https://gofood.co.id/en/surabaya/restaurant/mie-gacoan-genteng-f49fb30b-5b97-41b6-b66c-924da5d72fba/reviews,klo makanannya panas mungkin lbh enak .. hehehe,5.0,Mie Iblis Lv 8 - Mie Iblis Lv 6 - Mie Angel Super,Ordered on 2 May 2021,0,Buruk,,
1701446020-2381,https://gofood.co.id/en/surabaya/restaurant/mie-gacoan-genteng-f49fb30b-5b97-41b6-b66c-924da5d72fba/reviews,"enak banget sihh makanan nya, tapi kekurangan nya tuh si saos buat dimsum pasti bocor.. beli dimsum 6 masak semua saos nya bocor.. mengecewakan",4.0,Siomay Ayam - Udang Keju - Lumpia Udang - Lemon Tea - Mie Iblis Lv 1 - Pangsit Goreng,Ordered on 1 May 2021,0,Buruk,,
1701446020-2382,https://gofood.co.id/en/surabaya/restaurant/mie-gacoan-genteng-f49fb30b-5b97-41b6-b66c-924da5d72fba/reviews,Enak bangatssssss!,5.0,Udang Rambutan - Mie Iblis Lv 3 - Udang Keju - Siomay Ayam,Ordered on 27 April 2021,1,Baik,,
1701446020-2383,https://gofood.co.id/en/surabaya/restaurant/mie-gacoan-genteng-f49fb30b-5b97-41b6-b66c-924da5d72fba/reviews,"kecewa banget sih, dulu suka banget udang kejunya soalnya ada keju didalemnya skrng kosong melompong, kemarin aku pesen 2, kirain satu doang yg gaada kejunga ternyata semua gaada isi kejunya",3.0,Thai Green Tea - Udang Keju - Mie Iblis Lv 3,Ordered on 30 April 2021,0,Buruk,,
1701446020-2384,https://gofood.co.id/en/surabaya/restaurant/mie-gacoan-genteng-f49fb30b-5b97-41b6-b66c-924da5d72fba/reviews,"kalau mau disajikan tolong cabe nya dicicip lagi ya kak, karena waktu saya pesen rasanya udah beda (agak bau)",3.0,Mie Setan LV 3 - Mie Iblis Lv 3 - Udang Keju - Siomay Ayam - Pangsit Goreng,Ordered on 27 April 2021,0,Buruk,,
1701446020-2385,https://gofood.co.id/en/surabaya/restaurant/mie-gacoan-genteng-f49fb30b-5b97-41b6-b66c-924da5d72fba/reviews,enk bgtt luvvvv!!❤️❤️,5.0,Mie Iblis Lv 3 - Mie Setan LV 1 - Udang Rambutan - Lumpia Udang,Ordered on 1 May 2021,1,Baik,,
1701446020-2386,https://gofood.co.id/en/surabaya/restaurant/mie-gacoan-genteng-f49fb30b-5b97-41b6-b66c-924da5d72fba/reviews,Tekstur mie berbeda dari biasanyA,5.0,Thai Tea Ori - Siomay Ayam - Udang Keju - Mie Iblis Lv 1,Ordered on 30 April 2021,5,Buruk,,
1701446020-2387,https://gofood.co.id/en/surabaya/restaurant/mie-gacoan-genteng-f49fb30b-5b97-41b6-b66c-924da5d72fba/reviews,Pesanan salah.,2.0,Siomay Ayam - Mie Setan LV 6,Ordered on 27 April 2021,0,Buruk,,
1701446020-2388,https://gofood.co.id/en/surabaya/restaurant/mie-gacoan-genteng-f49fb30b-5b97-41b6-b66c-924da5d72fba/reviews,minyaknya agak kebanyakan tapi overall enak :),4.0,Mie Setan LV 1 - Mie Setan LV 3 - Mie Setan LV 2 - Udang Rambutan,Ordered on 29 April 2021,0,Buruk,,
1701446020-2389,https://gofood.co.id/en/surabaya/restaurant/mie-gacoan-genteng-f49fb30b-5b97-41b6-b66c-924da5d72fba/reviews,maaf saya kasih bintang satu karena saya pesan 2 mie gacoan yg datang hanya 2 mie gacoan 1 sumpit karena itu saya kurang puas,1.0,Thai Tea Ori - Thai Green Tea - Mie Iblis Lv 3 - Mie Iblis Lv 0,Ordered on 30 April 2021,0,Buruk,,
1701446020-2390,https://gofood.co.id/en/surabaya/restaurant/mie-gacoan-genteng-f49fb30b-5b97-41b6-b66c-924da5d72fba/reviews,kadang porsinya GK sesuai dan racikannya bumbu sering beda,4.0,Mie Iblis Lv 6 - Mie Angel Super,Ordered on 30 April 2021,0,Buruk,,
1701446020-2391,https://gofood.co.id/en/surabaya/restaurant/mie-gacoan-genteng-f49fb30b-5b97-41b6-b66c-924da5d72fba/reviews,minyaknya terlalu banyak...sampek kertas minyaknya yg bawah becek,4.0,Mie Iblis Lv 3 - Mie Iblis Lv 2 - Udang Rambutan,Ordered on 29 April 2021,0,Buruk,,
1701446020-2392,https://gofood.co.id/en/surabaya/restaurant/mie-gacoan-genteng-f49fb30b-5b97-41b6-b66c-924da5d72fba/reviews,"mie nya standar pedesnya nampoll, beveragenya enaaakkk",4.0,Mie Iblis Lv 3 - Udang Keju - Mie Setan LV 3,Ordered on 29 April 2021,1,Baik,,
1701446020-2393,https://gofood.co.id/en/surabaya/restaurant/mie-gacoan-genteng-f49fb30b-5b97-41b6-b66c-924da5d72fba/reviews,"Tadi kedapetan mie yg agak kurang merata matengnya, mungkin bisa ditingkatkan lagi",4.0,Siomay Ayam - Es Coklat - Lumpia Udang - Mie Iblis Lv 2,Ordered on 27 April 2021,0,Buruk,,
1701446020-2394,https://gofood.co.id/en/surabaya/restaurant/mie-gacoan-genteng-f49fb30b-5b97-41b6-b66c-924da5d72fba/reviews,terlalu lama penyajianx,2.0,Mie Angel Super - Orange,Ordered on 24 April 2021,0,Buruk,,
1701446020-2395,https://gofood.co.id/en/surabaya/restaurant/mie-gacoan-genteng-f49fb30b-5b97-41b6-b66c-924da5d72fba/reviews,waktu sampai mie nya udh agak kering :( tp ttp enak kok,4.0,Siomay Ayam - Mie Iblis Lv 2 - Thai Tea Ori,Ordered on 23 April 2021,0,Buruk,,
1701446020-2396,https://gofood.co.id/en/surabaya/restaurant/mie-gacoan-genteng-f49fb30b-5b97-41b6-b66c-924da5d72fba/reviews,"enaaak.. siomaynya juga enak2, tapi mie nya terlalu tipis, tapi rasanya enak koq..",5.0,Siomay Ayam - Udang Rambutan - Mie Setan LV 1 - Mie Iblis Lv 1,Ordered on 19 April 2021,1,Baik,,
1701446020-2397,https://gofood.co.id/en/surabaya/restaurant/mie-gacoan-genteng-f49fb30b-5b97-41b6-b66c-924da5d72fba/reviews,mantaaaaps nampoooollll,5.0,Mie Iblis Lv 3 - Mie Iblis Lv 1 - Lumpia Udang,Ordered on 20 April 2021,1,Baik,,
1701446020-2398,https://gofood.co.id/en/surabaya/restaurant/mie-gacoan-genteng-f49fb30b-5b97-41b6-b66c-924da5d72fba/reviews,pesanan nya salah tolong di teliti lagi pesanan nya sebelum dikasih ke driver,1.0,Mie Iblis Lv 6,Ordered on 21 April 2021,0,Buruk,,
1701446020-2399,https://gofood.co.id/en/surabaya/restaurant/mie-gacoan-genteng-f49fb30b-5b97-41b6-b66c-924da5d72fba/reviews,"lama banget masaknya nungguin 1 jam, kalo resto sudah rame ya karyawannya ditambah dong",1.0,Mie Setan LV 8,Ordered on 22 April 2021,0,Buruk,,
1701446020-2400,https://gofood.co.id/en/surabaya/restaurant/mie-gacoan-genteng-f49fb30b-5b97-41b6-b66c-924da5d72fba/reviews,level pedas nya di tambahi ya,3.0,Udang Keju - Mie Iblis Lv 8,Ordered on 17 April 2021,0,Buruk,,
1701446020-2401,https://gofood.co.id/en/surabaya/restaurant/mie-gacoan-genteng-f49fb30b-5b97-41b6-b66c-924da5d72fba/reviews,enak udang kejunya,4.0,Udang Rambutan - Udang Keju - Mie Iblis Lv 3 - Mie Iblis Lv 1 - Siomay Ayam,Ordered on 17 April 2021,1,Baik,,
1701446020-2402,https://gofood.co.id/en/surabaya/restaurant/mie-gacoan-genteng-f49fb30b-5b97-41b6-b66c-924da5d72fba/reviews,porsinya tambahin kak,5.0,Mie Iblis Lv 1 - Udang Rambutan - Mie Iblis Lv 4,Ordered on 18 April 2021,0,Buruk,,
1701446020-2403,https://gofood.co.id/en/surabaya/restaurant/mie-gacoan-genteng-f49fb30b-5b97-41b6-b66c-924da5d72fba/reviews,sering2 diskon yaaa🤩👍,5.0,Mie Iblis Lv 0 - Lumpia Udang,Ordered on 18 April 2021,1,Baik,,
1701446020-2404,https://gofood.co.id/en/surabaya/restaurant/mie-gacoan-genteng-f49fb30b-5b97-41b6-b66c-924da5d72fba/reviews,udang kejunya enak,5.0,Mie Angel Super - Siomay Ayam - Udang Keju - Lumpia Udang,Ordered on 16 April 2021,1,Baik,,
1701446020-2405,https://gofood.co.id/en/surabaya/restaurant/mie-gacoan-genteng-f49fb30b-5b97-41b6-b66c-924da5d72fba/reviews,"Ini enak sih rasanya, nyesel baru pertama kali nyoba sekarang. ternyata lebih enak dibanding pesaing2 nya. tingkatkan kemasannya ya, biar lebih modern dan keren gak pakai sterofoam.",5.0,Udang Rambutan - Teh Tarik - Mie Setan LV 1 - Mie Iblis Lv 1,Ordered on 15 April 2021,1,Baik,,
1701446020-2406,https://gofood.co.id/en/surabaya/restaurant/mie-gacoan-genteng-f49fb30b-5b97-41b6-b66c-924da5d72fba/reviews,"kemasan diperhatikan lagi , dikarenakan pas datang makanan keluar semua, alias berantakan mienya.",2.0,Mie Iblis Lv 0 - Mie Iblis Lv 3 - Udang Rambutan - Siomay Ayam - Pangsit Goreng,Ordered on 14 April 2021,0,Buruk,,
1701446020-2407,https://gofood.co.id/en/surabaya/restaurant/mie-gacoan-genteng-f49fb30b-5b97-41b6-b66c-924da5d72fba/reviews,udang rambutanya aneh,3.0,Udang Rambutan - Mie Iblis Lv 2,Ordered on 14 April 2021,0,Buruk,,
1701446020-2408,https://gofood.co.id/en/surabaya/restaurant/mie-gacoan-genteng-f49fb30b-5b97-41b6-b66c-924da5d72fba/reviews,"Mantap, Mantap, Mantap",5.0,Mie Iblis Lv 6 - Mie Iblis Lv 4 - Udang Rambutan,Ordered on 14 April 2021,1,Baik,,
1701446020-2409,https://gofood.co.id/en/surabaya/restaurant/mie-gacoan-genteng-f49fb30b-5b97-41b6-b66c-924da5d72fba/reviews,udang kejunya dlmnya gaada keju . mi nya ga berasa kyk biasanya,3.0,Mie Iblis Lv 4 - Udang Keju - Mie Iblis Lv 3 - Thai Tea Ori - Pangsit Goreng - Es Tuyul,Ordered on 13 April 2021,0,Buruk,,
1701446020-2410,https://gofood.co.id/en/surabaya/restaurant/mie-gacoan-genteng-f49fb30b-5b97-41b6-b66c-924da5d72fba/reviews,enak tp lama sekali 😭,4.0,Udang Rambutan - Mie Iblis Lv 1 - Siomay Ayam - Es Genderuwo - Lumpia Udang,Ordered on 12 April 2021,5,Buruk,,
1701446020-2411,https://gofood.co.id/en/surabaya/restaurant/mie-gacoan-genteng-f49fb30b-5b97-41b6-b66c-924da5d72fba/reviews,tutup gelas esnya kurang rapat jd tumpah,4.0,Mie Iblis Lv 6 - Es Genderuwo - Es Tuyul - Mie Iblis Lv 3,Ordered on 12 April 2021,0,Buruk,,
1701446020-2412,https://gofood.co.id/en/surabaya/restaurant/mie-gacoan-genteng-f49fb30b-5b97-41b6-b66c-924da5d72fba/reviews,idaman pol dimsumnya ngangeni💙,5.0,Udang Rambutan - Udang Keju - Pangsit Goreng,Ordered on 12 April 2021,1,Baik,,
1701446020-2413,https://gofood.co.id/en/surabaya/restaurant/mie-gacoan-genteng-f49fb30b-5b97-41b6-b66c-924da5d72fba/reviews,g sesuai intruksi,2.0,Udang Keju - Siomay Ayam - Mie Iblis Lv 1,Ordered on 10 April 2021,0,Buruk,,
1701446020-2414,https://gofood.co.id/en/surabaya/restaurant/mie-gacoan-genteng-f49fb30b-5b97-41b6-b66c-924da5d72fba/reviews,pangsitnya agak kecut tolong d perbaiki lagi,4.0,Es Coklat - Pangsit Goreng - Udang Rambutan,Ordered on 11 April 2021,0,Buruk,,
1701446020-2415,https://gofood.co.id/en/surabaya/restaurant/mie-gacoan-genteng-f49fb30b-5b97-41b6-b66c-924da5d72fba/reviews,"Banyakin lagi porsinya yaa,soalnya enaaakkk smua🤤🤤🤣🤣",5.0,Mie Iblis Lv 4 - Udang Rambutan - Mie Iblis Lv 3 - Lumpia Udang - Thai Green Tea,Ordered on 8 April 2021,1,Baik,,
1701446020-2416,https://gofood.co.id/en/surabaya/restaurant/mie-gacoan-genteng-f49fb30b-5b97-41b6-b66c-924da5d72fba/reviews,Terlalu lama restonya,1.0,Mie Iblis Lv 3,Ordered on 8 April 2021,0,Buruk,,
1701446020-2417,https://gofood.co.id/en/surabaya/restaurant/mie-gacoan-genteng-f49fb30b-5b97-41b6-b66c-924da5d72fba/reviews,pesen mie ibl*s datengnya mie s*tan,3.0,Udang Keju - Es Coklat - Siomay Ayam - Mie Iblis Lv 1,Ordered on 8 April 2021,0,Buruk,,
1701446020-2418,https://gofood.co.id/en/surabaya/restaurant/mie-gacoan-genteng-f49fb30b-5b97-41b6-b66c-924da5d72fba/reviews,terima kasih makanannya enak!,5.0,Udang Keju - Mie Iblis Lv 3 - Mie Setan LV 3,Ordered on 8 April 2021,1,Baik,,
1701446020-2419,https://gofood.co.id/en/surabaya/restaurant/mie-gacoan-genteng-f49fb30b-5b97-41b6-b66c-924da5d72fba/reviews,mie nya kurang enak  dan kemasan nya gak sehat pake stereofom,2.0,Udang Rambutan - Mie Iblis Lv 3,Ordered on 7 April 2021,0,Buruk,,
1701446020-2420,https://gofood.co.id/en/surabaya/restaurant/mie-gacoan-genteng-f49fb30b-5b97-41b6-b66c-924da5d72fba/reviews,memakai kemasan lain selain stereofoam lebih baik,4.0,Udang Rambutan - Mie Iblis Lv 2 - Ceker Ayam - Udang Keju - Mie Iblis Lv 1 - Lumpia Udang,Ordered on 7 April 2021,0,Buruk,,